,0,1,2,3,4,5,6,7
0,What,PRON,5931147113347055926,18725,me,PRON,18197037023634208128,22330
1,I,PRON,4690420944186131903,18725,algo,PRON,16528986040643271495,20330
2,want,VERB,7597692042947428029,18725,tomarme,NOUN,2303860479376972290,20330
3,to,PART,3791531372978436496,18725,para,ADP,17491956544424926374,20330
4,do,AUX,2158845516055552166,18725,es,AUX,10343076919720641053,20330
5,today,NOUN,11042482332948150395,18725,tiempo,NOUN,3897009725270815938,20330
6,is,AUX,3411606890003347522,18725,acerca,ADV,4355306406960221317,20330
7,spend,VERB,4002794779261404727,18725,hablar,VERB,18160074541727627272,20330
8,some,DET,7000492816108906599,18725,un,DET,12188161997964598936,20330
9,time,NOUN,8885804376230376864,18725,que,SCONJ,11474801393294414462,22330
10,talking,VERB,3577425109143670181,18725,causado,VERB,7258369796283907073,22330
11,about,ADP,942632335873952620,18725,de,ADP,11144093025662894627,20330
12,some,DET,7000492816108906599,18725,un,DET,12188161997964598936,22330
13,stuff,NOUN,4927587046501839030,18725,ansiedad,NOUN,10016640955080734467,22330
14,that,DET,4380130941430378203,22401,",",PUNCT,2593208677638477497,24330
15,'s,AUX,16428057658620181782,22401,ha,AUX,8521863001484601166,22330
16,giving,VERB,10623166193762383800,22401,encuentro,VERB,9249742672578020059,24330
17,me,PRON,18197037023634208128,22401,poco,PRON,4117172620621991493,22330
18,a,DET,11901859001352538922,22401,una,DET,1019041181156623609,24330
19,little,ADJ,9778055143417507723,22401,existencial,ADJ,331200988986912907,24330
20,bit,NOUN,1794436035373472204,22401,no,ADV,13055779130471031426,24330
21,of,ADP,886050111519832510,22401,de,ADP,11144093025662894627,22330
22,existential,ADJ,11584372143341118338,22401,mejor,ADJ,14725428618395848736,24330
23,angst,NOUN,5189734915823219572,22401,palabra,NOUN,3638176651598527968,24330
24,",",PUNCT,2593208677638477497,22401,",",PUNCT,2593208677638477497,24330
25,for,ADP,16037325823156266367,26010,en,ADP,14626626061804382878,27330
26,lack,NOUN,15603136679673877931,26010,par,NOUN,11560817535472117264,27330
27,of,ADP,886050111519832510,26010,de,ADP,11144093025662894627,27330
28,a,DET,11901859001352538922,26010,el,DET,11488171005156075516,27330
29,better,ADJ,13468287115010965206,26010,último,ADJ,14999529052226772459,27330
30,word,NOUN,11916616154811659322,26010,años,NOUN,8746864843512539013,27330
31,",",PUNCT,2593208677638477497,26010,.,PUNCT,12646065887601541794,27330
32,over,ADP,5456543204961066030,27330,Básicamente,ADV,5525447780865504984,29330
33,the,DET,7425985699627899538,27330,estas,DET,16010204526465958382,29330
34,past,ADJ,14080206577736366893,27330,tres,NUM,12263923104162374949,29330
35,couple,NOUN,16116837014497452873,27330,citas,NOUN,8525034988997650505,29330
36,of,ADP,886050111519832510,27330,expresan,VERB,10339765776668963773,32330
37,years,NOUN,9492612516460955585,27330,lo,DET,12507729120330568444,32330
38,.,PUNCT,12646065887601541794,27330,.,PUNCT,12646065887601541794,32330
39,And,CCONJ,12172435438170721471,29440,pasa,VERB,10594573967867045893,32330
40,basically,ADV,84728426839262966,29440,Cuando,SCONJ,15264642694225760754,34330
41,",",PUNCT,2593208677638477497,29440,"""",PUNCT,15884554869126768810,34330
42,these,DET,6459564349623679250,29440,el,DET,11488171005156075516,34330
43,three,NUM,8241648526530492509,29440,Dios,PROPN,14481816643764074049,34330
44,quotes,NOUN,9187403025580542890,29440,color,NOUN,7045580820573707335,34330
45,tell,VERB,63172552626595070,29440,creó,VERB,1621218053430470523,34330
46,what,PRON,5865838185239622912,29440,qué,PRON,2438889091638947136,32330
47,'s,AUX,16428057658620181782,29440,estaba,AUX,14917719296641627475,36330
48,going,VERB,14242014708739787450,29440,alardeando,VERB,16925433876420793762,36330
49,on,ADP,5640369432778651323,29440,púrpura,ADJ,12582684293879920192,34330
50,.,PUNCT,12646065887601541794,29440,",",PUNCT,2593208677638477497,34330
51,"""",PUNCT,15884554869126768810,34692,",",PUNCT,2593208677638477497,36330
52,When,ADV,10109588199364727116,34692,"""",PUNCT,15884554869126768810,36330
53,God,PROPN,11676624564649181180,34692,Dios,PROPN,14481816643764074049,36330
54,made,VERB,7136294487848412980,34692,escribió,VERB,4355951445824453815,36330
55,the,DET,7425985699627899538,34692,El,DET,2536664749893722438,38330
56,color,NOUN,7045580820573707335,34692,Alice,PROPN,11143966581707015846,36330
57,purple,NOUN,6737175901634344807,34692,color,NOUN,7045580820573707335,38330
58,",",PUNCT,2593208677638477497,34692,"""",PUNCT,15884554869126768810,38330
59,God,PROPN,11676624564649181180,34692,Walker,PROPN,5153949417791515604,36330
60,was,AUX,9921686513378912864,34692,en,ADP,14626626061804382878,38330
61,just,ADV,7148522813498185515,34692,púrpura,ADJ,12582684293879920192,38330
62,showing,VERB,2694304739876580877,34692,y,CONJ,9409450202036847209,38330
63,off,ADP,7039397736629347729,34692,en,ADP,14626626061804382878,40330
64,",",PUNCT,2593208677638477497,34692,"""",PUNCT,15884554869126768810,38330
65,"""",PUNCT,15884554869126768810,34692,Neale,PROPN,12984093741603168138,40330
66,Alice,PROPN,11143966581707015846,37980,Hurston,PROPN,2668379248451701860,40330
67,Walker,PROPN,5153949417791515604,37980,Zora,PROPN,11594946728138526090,40330
68,wrote,VERB,3442088208112053692,37980,escribió,VERB,4355951445824453815,40330
69,in,ADP,3002984154512732771,37980,A,ADP,14862748245026736845,42330
70,"""",PUNCT,15884554869126768810,37980,"""",PUNCT,15884554869126768810,42330
71,The,DET,5059648917813135842,37980,Tracks,PROPN,4400560188122049361,42330
72,Color,PROPN,14752991261910186482,37980,On,PROPN,9434774322673848734,42330
73,Purple,PROPN,9535147292922932216,37980,Dust,PROPN,8880758511940691581,42330
74,.,PUNCT,12646065887601541794,37980,"""",PUNCT,15884554869126768810,42330
75,"""",PUNCT,15884554869126768810,37980,(,PUNCT,12638816674900267446,42330
76,And,CCONJ,12172435438170721471,40523,de,ADP,11144093025662894627,42330
77,Zora,PROPN,11594946728138526090,40523,Huellas,PROPN,6863844401288830663,42330
78,Neale,PROPN,12984093741603168138,40523,Road,PROPN,8732441454546132216,42330
79,Hurston,PROPN,2668379248451701860,40523,el,DET,11488171005156075516,42330
80,wrote,VERB,3442088208112053692,40523,hurgar,VERB,2351700292907739499,46330
81,in,ADP,3002984154512732771,40523,en,ADP,14626626061804382878,42330
82,"""",PUNCT,15884554869126768810,40523,),PUNCT,3842344029291005339,42330
83,Dust,NOUN,8880758511940691581,40523,camino,NOUN,2472374425192424063,42330
84,Tracks,NOUN,4400560188122049361,40523,polvo,NOUN,12650526846915295645,42330
85,On,ADP,9434774322673848734,40523,es,AUX,10343076919720641053,44330
86,A,DET,14862748245026736845,40523,la,DET,6804705863737483857,44330
87,Road,NOUN,8732441454546132216,40523,investigación,NOUN,16030947927976855352,44330
88,",",PUNCT,2593208677638477497,40523,"""",PUNCT,15884554869126768810,44330
89,"""",PUNCT,15884554869126768810,40523,:,PUNCT,11532473245541075862,42330
90,"""",PUNCT,15884554869126768810,44330,.,PUNCT,12646065887601541794,44330
91,Research,NOUN,13899507030447257129,44330,curiosidad,NOUN,13685212520381469184,44330
92,is,AUX,3411606890003347522,44330,Es,AUX,13491050862432847103,46330
93,a,DET,11901859001352538922,44330,una,DET,1019041181156623609,44330
94,formalized,ADJ,12978499450791825627,44330,formalizada,ADJ,17548435917372510262,44330
95,curiosity,NOUN,11502893395963706873,44330,y,CONJ,9409450202036847209,46330
96,.,PUNCT,12646065887601541794,44330,"""",PUNCT,15884554869126768810,46330
97,It,PRON,7859011591137717335,47180,con,ADP,6945313634251781056,46330
98,'s,AUX,16428057658620181782,47180,un,DET,12188161997964598936,46330
99,poking,VERB,18427172908524501493,47180,husmear,VERB,3276397912958636259,46330
100,and,CCONJ,2283656566040971221,47180,propósito,NOUN,11075942753488291248,46330
101,prying,VERB,2226022491600313943,47180,pienso,VERB,4173452786608630139,50330
102,with,ADP,12510949447758279278,47180,en,ADP,14626626061804382878,50330
103,a,DET,11901859001352538922,47180,el,DET,11488171005156075516,50330
104,purpose,NOUN,12663030773202738230,47180,futuro,NOUN,817804706655085151,50330
105,.,PUNCT,12646065887601541794,47180,",",PUNCT,2593208677638477497,48330
106,"""",PUNCT,15884554869126768810,47180,.,PUNCT,12646065887601541794,46330
107,And,CCONJ,12172435438170721471,50274,cuando,SCONJ,10847943810515898149,50330
108,then,ADV,2630753287402592467,50274,Finalmente,ADV,13166135223099529373,48330
109,finally,ADV,763475990769043802,50274,próximo,ADJ,9974462209683935790,50330
110,",",PUNCT,2593208677638477497,50274,",",PUNCT,2593208677638477497,50330
111,when,ADV,15807309897752499399,50274,saben,VERB,13243200264315159238,52330
112,I,PRON,4690420944186131903,50274,",",PUNCT,2593208677638477497,52330
113,think,VERB,16875814820671380748,50274,tenemos,VERB,15443725945600917365,52330
114,about,ADP,942632335873952620,50274,de,ADP,11144093025662894627,52330
115,the,DET,7425985699627899538,50274,esta,DET,5821559423218928566,52330
116,near,ADJ,4578410152339589874,50274,cierto,ADJ,7125988886725757465,54330
117,future,NOUN,17783898315335276456,50274,actitud,NOUN,6349098795585623750,52330
118,",",PUNCT,2593208677638477497,50274,",",PUNCT,2593208677638477497,54330
119,we,PRON,16064069575701507746,52791,que,PRON,11474801393294414462,54330
120,have,AUX,14692702688101715474,52791,será,AUX,1269578352386835522,54330
121,this,DET,1995909169258310477,52791,lo,DET,12507729120330568444,54330
122,attitude,NOUN,7320012370693209559,52791,será,AUX,1269578352386835522,54330
123,",",PUNCT,2593208677638477497,52791,¿,PUNCT,3095673970880011110,54330
124,"""",PUNCT,15884554869126768810,52791,",",PUNCT,2593208677638477497,54330
125,Well,INTJ,14379783840816760627,52791,Así,ADV,13115577326766121063,56330
126,",",PUNCT,2593208677638477497,52791,?,PUNCT,8205403955989537350,54330
127,whatever,DET,1407391887329900988,52791,el,DET,11488171005156075516,56330
128,happens,VERB,3853570915800888289,52791,que,SCONJ,11474801393294414462,56330
129,",",PUNCT,2593208677638477497,52791,eso,PRON,12716495710533357957,56330
130,happens,VERB,3853570915800888289,52791,va,VERB,15817334002654144152,56330
131,.,PUNCT,12646065887601541794,52791,con,ADP,6945313634251781056,56330
132,"""",PUNCT,15884554869126768810,52791,:,PUNCT,11532473245541075862,58330
133,Right,INTJ,4655952956124119418,56097,Gato,PROPN,12870523880251853959,56330
134,?,PUNCT,8205403955989537350,56097,",",PUNCT,2593208677638477497,56330
135,So,ADV,3893465145528745987,57282,no,ADV,13055779130471031426,58330
136,that,DET,4380130941430378203,57282,que,PRON,11474801393294414462,58330
137,goes,VERB,18224404223277189725,57282,dice,VERB,14840232511926861974,58330
138,along,ADP,3962502770901397382,57282,de,ADP,11144093025662894627,56330
139,with,ADP,12510949447758279278,57282,a,ADP,11901859001352538922,60330
140,the,DET,7425985699627899538,57282,"""",PUNCT,15884554869126768810,58330
141,Cheshire,PROPN,10792207610263815319,57282,Cheshire,PROPN,10792207610263815319,56330
142,Cat,PROPN,8174653223417762094,57282,te,PRON,4134636374230751265,58330
143,saying,VERB,12123752991424432577,57282,importa,VERB,7070265404540725236,58330
144,",",PUNCT,2593208677638477497,57282,mucho,ADV,3038928633385455635,58330
145,"""",PUNCT,15884554869126768810,59844,",",PUNCT,2593208677638477497,60330
146,If,SCONJ,9698320431655714481,59844,Si,SCONJ,17232677785023700288,58330
147,you,PRON,7624161793554793053,59844,dónde,PRON,6856878951636379398,60330
148,do,AUX,2158845516055552166,59844,quieres,NOUN,12343168356688770876,60330
149,n't,PART,2043519015752540944,59844,llegar,VERB,10227016259447306190,60330
150,care,VERB,14027581762467160941,59844,importa,VERB,7070265404540725236,62330
151,much,ADV,1935074700818135162,59844,no,ADV,13055779130471031426,62330
152,where,ADV,16318918034475841628,59844,mucho,ADV,3038928633385455635,62330
153,you,PRON,7624161793554793053,59844,qué,DET,2438889091638947136,62330
154,want,VERB,7597692042947428029,59844,camino,NOUN,2472374425192424063,62330
155,to,PART,3791531372978436496,59844,tomes,ADJ,11333696530367159175,62330
156,get,AUX,2013399242189103424,59844,"""",PUNCT,15884554869126768810,62330
157,to,ADP,3791531372978436496,59844,Pero,CONJ,3012608552889114327,64330
158,",",PUNCT,2593208677638477497,59844,.,PUNCT,12646065887601541794,62330
159,it,PRON,10239237003504588839,62226,creo,VERB,16439760446226872124,64330
160,does,AUX,1818273248662495384,62226,que,SCONJ,11474801393294414462,64330
161,n't,PART,2043519015752540944,62226,y,CONJ,9409450202036847209,66330
162,much,ADV,1935074700818135162,62226,sí,ADV,12296321025590094647,64330
163,matter,VERB,14513380027006169650,62226,importa,VERB,7070265404540725236,64330
164,which,DET,7063653163634019529,62226,qué,DET,2438889091638947136,66330
165,way,NOUN,6878210874361030284,62226,camino,NOUN,2472374425192424063,66330
166,you,PRON,7624161793554793053,62226,dónde,PRON,6856878951636379398,66330
167,go,VERB,8004577259940138793,62226,tomamos,VERB,14990041371301338085,66330
168,.,PUNCT,12646065887601541794,62226,por,ADP,18244196334509357400,66330
169,"""",PUNCT,15884554869126768810,62226,",",PUNCT,2593208677638477497,66330
170,But,CCONJ,18004243461113809161,64392,vamos,VERB,6033137825740555313,66330
171,I,PRON,4690420944186131903,64392,nos,PRON,6968452539944589995,66330
172,think,VERB,16875814820671380748,64392,pienso,VERB,4173452786608630139,68330
173,it,PRON,10239237003504588839,64392,cuando,SCONJ,10847943810515898149,68330
174,does,AUX,1818273248662495384,64392,porque,SCONJ,5757082442330786044,68330
175,matter,NOUN,14513380027006169650,64392,en,ADP,14626626061804382878,68330
176,which,DET,7063653163634019529,64392,el,DET,11488171005156075516,68330
177,way,NOUN,6878210874361030284,64392,diseño,NOUN,1689742004673472932,68330
178,we,PRON,16064069575701507746,64392,en,ADP,14626626061804382878,68330
179,go,VERB,8004577259940138793,64392,el,DET,11488171005156075516,68330
180,and,CCONJ,2283656566040971221,64392,próximo,ADJ,9974462209683935790,70330
181,what,PRON,5865838185239622912,64392,que,PRON,11474801393294414462,70330
182,road,NOUN,13540101588783668053,64392,futuro,NOUN,817804706655085151,70330
183,we,PRON,16064069575701507746,64392,en,ADP,14626626061804382878,70330
184,take,VERB,6789454535283781228,64392,lo,DET,12507729120330568444,70330
185,",",PUNCT,2593208677638477497,64392,",",PUNCT,2593208677638477497,70330
186,because,SCONJ,16950148841647037698,68710,es,AUX,10343076919720641053,70330
187,when,ADV,15807309897752499399,68710,más,ADV,13805553149795463782,72330
188,I,PRON,4690420944186131903,68710,las,DET,6526950402091386798,70330
189,think,VERB,16875814820671380748,68710,pienso,VERB,4173452786608630139,70330
190,about,ADP,942632335873952620,68710,en,ADP,14626626061804382878,70330
191,design,NOUN,4105053907530138126,68710,cuestiones,NOUN,7697641122185769693,72330
192,in,ADP,3002984154512732771,68710,importantes,ADJ,7568465285090122437,72330
193,the,DET,7425985699627899538,68710,lo,DET,12507729120330568444,72330
194,near,ADJ,4578410152339589874,68710,crucial,ADJ,8793226240675725178,74330
195,future,NOUN,17783898315335276456,68710,es,AUX,10343076919720641053,72330
196,",",PUNCT,2593208677638477497,68710,;,PUNCT,631425121691394544,72330
197,what,PRON,5865838185239622912,71578,que,PRON,11474801393294414462,72330
198,I,PRON,4690420944186131903,71578,y,CONJ,9409450202036847209,74330
199,think,VERB,16875814820671380748,71578,necesitamos,VERB,15994258948504467518,74330
200,are,AUX,5012629990875267006,71578,es,AUX,10343076919720641053,74330
201,the,DET,7425985699627899538,71578,lo,DET,12507729120330568444,74330
202,most,ADV,11104729984170784471,71578,realmente,ADV,13453105967711789301,74330
203,important,ADJ,5951875591235763184,71578,vital,ADJ,16543616708885870681,74330
204,issues,NOUN,12931238529352173609,71578,artes,NOUN,15604860080890534770,76330
205,",",PUNCT,2593208677638477497,71578,para,ADP,17491956544424926374,76330
206,what,PRON,5865838185239622912,73909,que,PRON,11474801393294414462,74330
207,'s,AUX,16428057658620181782,73909,las,DET,6526950402091386798,76330
208,really,ADV,14653600329166397554,73909,ya,ADV,7831648150548777939,78330
209,crucial,ADJ,8793226240675725178,73909,y,CONJ,9409450202036847209,76330
210,and,CCONJ,2283656566040971221,73909,las,DET,6526950402091386798,76330
211,vital,ADJ,16543616708885870681,73909,ciencias,NOUN,3502711777541729010,76330
212,",",PUNCT,2593208677638477497,73909,",",PUNCT,2593208677638477497,78330
213,is,AUX,3411606890003347522,75906,mismo,ADV,12984459046605325283,78330
214,that,SCONJ,4380130941430378203,75906,Si,SCONJ,17232677785023700288,86330
215,we,PRON,16064069575701507746,75906,en,ADP,14626626061804382878,78330
216,need,VERB,478886015463313967,75906,revitalizar,VERB,7649048525642626624,76330
217,to,PART,3791531372978436496,75906,.,PUNCT,12646065887601541794,78330
218,revitalize,VERB,13464805133404441615,75906,describimos,VERB,3956945785224717949,86330
219,the,DET,7425985699627899538,75906,el,DET,11488171005156075516,78330
220,arts,NOUN,10763589500099602820,75906,2002,NOUN,14935963354434010782,78330
221,and,CCONJ,2283656566040971221,75906,Aplausos,PROPN,5625793903345412492,81330
222,sciences,NOUN,17229130392928749018,75906,(,PUNCT,12638816674900267446,81330
223,right,ADV,5943797630011647483,75906,el,DET,11488171005156075516,86330
224,now,ADV,17157488710739566268,75906,dentro,ADV,17028089856492542251,88330
225,",",PUNCT,2593208677638477497,75906,),PUNCT,3842344029291005339,81330
226,in,ADP,3002984154512732771,80716,de,ADP,11144093025662894627,88330
227,2002,NUM,14935963354434010782,80716,10,NUM,6572986864102252890,88330
228,.,PUNCT,12646065887601541794,80716,",",PUNCT,2593208677638477497,86330
229,(,PUNCT,12638816674900267446,82673,",",PUNCT,2593208677638477497,88330
230,Applause,NOUN,8922310725892301193,82673,futuro,NOUN,817804706655085151,86330
231,),PUNCT,3842344029291005339,82673,",",PUNCT,2593208677638477497,88330
232,If,SCONJ,9698320431655714481,87182,como,SCONJ,3817173063683202752,88330
233,we,PRON,16064069575701507746,87182,eso,PRON,12716495710533357957,90330
234,describe,VERB,16625151329259371750,87182,significa,VERB,1145958209919285197,90330
235,the,DET,7425985699627899538,87182,lo,DET,12507729120330568444,90330
236,near,ADJ,4578410152339589874,87182,cercano,ADJ,4429423730793644915,86330
237,future,NOUN,17783898315335276456,87182,años,NOUN,8746864843512539013,88330
238,as,SCONJ,7437575085468336610,87182,que,SCONJ,11474801393294414462,90330
239,10,NUM,6572986864102252890,87182,15,NUM,13771760024209633521,88330
240,",",PUNCT,2593208677638477497,87182,",",PUNCT,2593208677638477497,88330
241,20,NUM,2767521681098075859,87182,20,NUM,2767521681098075859,88330
242,",",PUNCT,2593208677638477497,87182,que,PRON,11474801393294414462,90330
243,15,NUM,13771760024209633521,87182,hoy,ADV,13035178216107647832,90330
244,years,NOUN,9492612516460955585,87182,será,AUX,1269578352386835522,93330
245,from,ADP,7831658034963690409,87182,en,ADP,14626626061804382878,95330
246,now,ADV,17157488710739566268,87182,sumamente,ADV,14742041835740080033,93330
247,",",PUNCT,2593208677638477497,87182,importante,ADJ,3371823424964843453,93330
248,that,DET,4380130941430378203,91572,el,DET,11488171005156075516,95330
249,means,VERB,18281114504200336646,91572,hacemos,VERB,3144093053378516910,90330
250,that,SCONJ,4380130941430378203,91572,pues,SCONJ,7158916556456798928,95330
251,what,PRON,5865838185239622912,91572,",",PUNCT,2593208677638477497,95330
252,we,PRON,16064069575701507746,91572,2015,NUM,5268047934427719614,95330
253,do,AUX,2158845516055552166,91572,y,CONJ,9409450202036847209,97330
254,today,NOUN,11042482332948150395,91572,año,NOUN,12462213889476236780,95330
255,is,AUX,3411606890003347522,91572,en,ADP,14626626061804382878,97330
256,going,VERB,14242014708739787450,91572,el,DET,11488171005156075516,97330
257,to,PART,3791531372978436496,91572,año,NOUN,12462213889476236780,97330
258,be,AUX,10382539506755952630,91572,2020,NUM,12787237664664642308,97330
259,critically,ADV,18007010507634240175,91572,",",PUNCT,2593208677638477497,97330
260,important,ADJ,5951875591235763184,91572,2025,NOUN,10243371845267285443,97330
261,",",PUNCT,2593208677638477497,91572,",",PUNCT,2593208677638477497,97330
262,because,SCONJ,16950148841647037698,95415,el,DET,11488171005156075516,97330
263,in,ADP,3002984154512732771,95415,sobre,ADP,11374976834714679510,99330
264,the,DET,7425985699627899538,95415,el,DET,11488171005156075516,99330
265,year,NOUN,14889849580704678361,95415,mundo,NOUN,4571220300153094564,97330
266,2015,NUM,5268047934427719614,95415,cual,PRON,7565172673427434311,99330
267,",",PUNCT,2593208677638477497,95415,sociedad,NOUN,137503196612391965,99330
268,in,ADP,3002984154512732771,95415,se,PRON,9839690450034771972,99330
269,the,DET,7425985699627899538,95415,nuestra,DET,6434645427240457100,99330
270,year,NOUN,14889849580704678361,95415,conocimiento,NOUN,5879418985679109793,101330
271,2020,NUM,12787237664664642308,95415,construirá,VERB,7249034051332960348,99330
272,",",PUNCT,2593208677638477497,95415,",",PUNCT,2593208677638477497,99330
273,2025,NUM,10243371845267285443,95415,básico,ADJ,9511741207544958177,101330
274,",",PUNCT,2593208677638477497,95415,",",PUNCT,2593208677638477497,101330
275,the,DET,7425985699627899538,99420,el,DET,11488171005156075516,101330
276,world,NOUN,1703489418272052182,99420,ideas,NOUN,3601960780694130587,101330
277,our,DET,17577015140245084783,99420,los,DET,7307884290799599686,103330
278,society,NOUN,6115211683563355926,99420,descubrimientos,NOUN,4731886896658397471,103330
279,is,AUX,3411606890003347522,99420,abstractas,ADJ,5081648198066220860,101330
280,going,VERB,14242014708739787450,99420,e,CONJ,1720370409040345145,101330
281,to,PART,3791531372978436496,99420,que,PRON,11474801393294414462,103330
282,be,AUX,10382539506755952630,99420,hoy,ADV,13035178216107647832,103330
283,building,VERB,12544948182236414430,99420,presentamos,VERB,7704622882810339125,103330
284,on,ADP,5640369432778651323,99420,así,ADV,13388538489347049961,106330
285,",",PUNCT,2593208677638477497,99420,",",PUNCT,2593208677638477497,103330
286,the,DET,7425985699627899538,102114,todas,DET,16541400954320993806,106330
287,basic,ADJ,2744231088585378001,102114,como,SCONJ,3817173063683202752,106330
288,knowledge,NOUN,841909098595075712,102114,cosas,NOUN,399513973913231652,106330
289,and,CCONJ,2283656566040971221,102114,estas,DET,16010204526465958382,106330
290,abstract,ADJ,2999350356831612692,102114,maravillosas,ADJ,13118593026112681931,106330
291,ideas,NOUN,3601960780694130587,102114,que,PRON,11474801393294414462,106330
292,",",PUNCT,2593208677638477497,102114,oímos,VERB,2565095458021562237,108330
293,the,DET,7425985699627899538,104610,las,DET,6526950402091386798,108330
294,discoveries,NOUN,13038206306997326307,104610,conferencias,NOUN,15774542877944258469,108330
295,that,DET,4380130941430378203,104610,TED,PROPN,7712797595491725577,108330
296,we,PRON,16064069575701507746,104610,y,CONJ,9409450202036847209,110330
297,came,VERB,15989513710403574752,104610,damos,VERB,6213586612219557050,110330
298,up,ADP,2199259611705938403,104610,en,ADP,14626626061804382878,108330
299,with,ADP,12510949447758279278,104610,por,ADP,18244196334509357400,110330
300,today,NOUN,11042482332948150395,104610,mundo,NOUN,4571220300153094564,110330
301,",",PUNCT,2593208677638477497,104610,",",PUNCT,2593208677638477497,112330
302,just,ADV,7148522813498185515,107735,hoy,ADV,13035178216107647832,112330
303,as,SCONJ,7437575085468336610,107735,que,SCONJ,11474801393294414462,110330
304,all,DET,13409319323822384369,107735,el,DET,11488171005156075516,110330
305,these,DET,6459564349623679250,107735,en,ADP,14626626061804382878,110330
306,wonderful,ADJ,17835575765003257990,107735,sentado,ADJ,12849181526352179790,110330
307,things,NOUN,3586418546468265269,107735,conocimiento,NOUN,5879418985679109793,112330
308,we,PRON,16064069575701507746,107735,que,PRON,11474801393294414462,114330
309,'re,AUX,523464648099722843,107735,fueron,AUX,15108533380011300808,112330
310,hearing,VERB,888703715927674838,107735,surgieron,VERB,17336799285365103456,114330
311,about,ADP,942632335873952620,107735,e,CONJ,1720370409040345145,112330
312,here,ADV,411390626470654571,110723,ideas,NOUN,3601960780694130587,112330
313,at,ADP,11667289587015813222,110723,en,ADP,14626626061804382878,116330
314,the,DET,7425985699627899538,110723,los,DET,7307884290799599686,116330
315,TED,PROPN,7712797595491725577,110723,50,NUM,16774477578904899363,116330
316,conference,NOUN,8552111340620330332,110723,años,NOUN,8746864843512539013,116330
317,that,SCONJ,4380130941430378203,112003,",",PUNCT,2593208677638477497,116330
318,we,PRON,16064069575701507746,112003,60,NUM,16466213119388437777,116330
319,take,VERB,6789454535283781228,112003,y,CONJ,9409450202036847209,116330
320,for,ADP,16037325823156266367,112003,70,NUM,17272628333277205899,116330
321,granted,VERB,7640242612580250176,112003,.,PUNCT,12646065887601541794,116330
322,in,ADP,3002984154512732771,112003,Ese,PRON,9548668832634925705,119330
323,the,DET,7425985699627899538,112003,el,DET,11488171005156075516,119330
324,world,NOUN,1703489418272052182,112003,sustrato,NOUN,8704294095773954233,119330
325,right,ADV,5943797630011647483,112003,hoy,ADV,13035178216107647832,119330
326,now,ADV,17157488710739566268,112003,que,PRON,11474801393294414462,119330
327,",",PUNCT,2593208677638477497,112003,",",PUNCT,2593208677638477497,119330
328,were,AUX,9570894245975188254,114814,es,AUX,10343076919720641053,119330
329,really,ADV,14653600329166397554,114814,así,ADV,13388538489347049961,122330
330,knowledge,NOUN,841909098595075712,114814,ingeniería,NOUN,12426777985176237944,124330
331,and,CCONJ,2283656566040971221,114814,sea,AUX,3315219263181363146,122330
332,ideas,NOUN,3601960780694130587,114814,internet,NOUN,10937452440342651049,122330
333,that,DET,4380130941430378203,114814,el,DET,11488171005156075516,122330
334,came,VERB,15989513710403574752,114814,explotamos,VERB,12582840599917199631,119330
335,up,ADP,2199259611705938403,114814,",",PUNCT,2593208677638477497,122330
336,in,ADP,3002984154512732771,117401,de,ADP,11144093025662894627,124330
337,the,DET,7425985699627899538,117401,la,DET,6804705863737483857,124330
338,50s,NOUN,10143280328752741383,117401,escáneres,NOUN,3539240117877486696,124330
339,",",PUNCT,2593208677638477497,117401,",",PUNCT,2593208677638477497,124330
340,the,DET,7425985699627899538,117401,genética,ADJ,5792450537759612424,124330
341,60s,NOUN,7597356026394865070,117401,laser,NOUN,14113734677053834202,124330
342,and,CCONJ,2283656566040971221,117401,",",PUNCT,2593208677638477497,124330
343,the,DET,7425985699627899538,117401,misiles,PROPN,2117742011236926179,126330
344,70s,NOUN,3272607140637681241,117401,fibra,NOUN,18027066878710487104,126330
345,.,PUNCT,12646065887601541794,117401,",",PUNCT,2593208677638477497,126330
346,That,DET,4759254855483594167,120176,guiados,ADJ,3145926663516609104,126330
347,'s,AUX,16428057658620181782,120176,óptica,ADJ,5567555231187122284,126330
348,the,DET,7425985699627899538,120176,",",PUNCT,2593208677638477497,126330
349,substrate,NOUN,5455184181422288602,120176,televisión,NOUN,13272485329931178610,126330
350,that,SCONJ,4380130941430378203,120176,de,ADP,11144093025662894627,126330
351,we,PRON,16064069575701507746,120176,alta,ADJ,4725859412792640119,128330
352,'re,AUX,523464648099722843,120176,definición,NOUN,13437689316142123744,128330
353,exploiting,VERB,3737601386311223389,120176,",",PUNCT,2593208677638477497,128330
354,today,NOUN,11042482332948150395,120176,detección,NOUN,238243975379509115,128330
355,.,PUNCT,12646065887601541794,120176,",",PUNCT,2593208677638477497,128330
356,Whether,SCONJ,15471297621894710500,122581,teledetección,NOUN,15548468437759922901,128330
357,it,PRON,10239237003504588839,122581,desde,ADP,15141126369269946138,130330
358,'s,AUX,16428057658620181782,122581,el,DET,11488171005156075516,130330
359,the,DET,7425985699627899538,122581,las,DET,6526950402091386798,130330
360,internet,NOUN,10937452440342651049,122581,espacio,NOUN,794562246875068945,130330
361,",",PUNCT,2593208677638477497,122581,y,CONJ,9409450202036847209,130330
362,genetic,PROPN,8026165078024680961,123929,fotos,NOUN,11000907112420350475,130330
363,engineering,NOUN,5835438034023771766,123929,maravillosas,NOUN,13118593026112681931,132330
364,",",PUNCT,2593208677638477497,123929,de,ADP,11144093025662894627,132330
365,laser,NOUN,14113734677053834202,123929,teledetección,NOUN,15548468437759922901,132330
366,scanners,NOUN,2142542337183346985,123929,que,PRON,11474801393294414462,132330
367,",",PUNCT,2593208677638477497,123929,en,ADP,14626626061804382878,134330
368,guided,VERB,9603235711239624192,125796,vemos,VERB,12055921169188878450,132330
369,missiles,NOUN,8398197713227779910,125796,tejido,NOUN,624773948845422595,134330
370,",",PUNCT,2593208677638477497,125796,de,ADP,11144093025662894627,134330
371,fiber,NOUN,1142716519351503796,125796,3D,NUM,14467241929094330294,134330
372,optics,NOUN,5775048418177230332,125796,programas,NOUN,2016052751872218994,134330
373,",",PUNCT,2593208677638477497,125796,",",PUNCT,2593208677638477497,134330
374,high,ADJ,8587113882175654237,125796,de,ADP,11144093025662894627,134330
375,-,PUNCT,9153284864653046197,125796,TV,PROPN,14575694583387358922,134330
376,definition,NOUN,8831060766915971622,125796,como,SCONJ,3817173063683202752,134330
377,television,NOUN,3403785101479364457,125796,Tracker,PROPN,13031412621599067037,134330
378,",",PUNCT,2593208677638477497,125796,",",PUNCT,2593208677638477497,134330
379,remote,ADJ,3009338867599940128,129984,y,CONJ,9409450202036847209,137330
380,sensing,VERB,4148354715659837415,129984,Enterprise,PROPN,8262021669954276349,137330
381,from,ADP,7831658034963690409,129984,de,ADP,11144093025662894627,137330
382,space,NOUN,14527154806029863691,129984,unidades,NOUN,15597119333716164867,137330
383,and,CCONJ,2283656566040971221,129984,",",PUNCT,2593208677638477497,137330
384,the,DET,7425985699627899538,129984,CD,PROPN,8427216679587749980,137330
385,wonderful,ADJ,17835575765003257990,129984,reescribibles,ADJ,12078964817288543659,137330
386,remote,ADV,3009338867599940128,129984,",",PUNCT,2593208677638477497,137330
387,-,PUNCT,9153284864653046197,129984,",",PUNCT,2593208677638477497,139330
388,sensing,VERB,4148354715659837415,129984,plana,ADJ,9910904949200032,139330
389,photos,NOUN,1567574632676949174,129984,pantalla,NOUN,8624854998752904690,139330
390,that,SCONJ,4380130941430378203,134189,la,DET,6804705863737483857,139330
391,we,PRON,16064069575701507746,134189,Otis,PROPN,13512472332407934332,139330
392,see,VERB,11925638236994514241,134189,Suite,PROPN,8668526956399342783,139330
393,in,ADP,3002984154512732771,134189,de,ADP,11144093025662894627,139330
394,3D,ADJ,14467241929094330294,134189,Alvin,PROPN,9130464218385049725,139330
395,weaving,NOUN,17826781228244812565,134189,danza,NOUN,7580379035153621203,139330
396,",",PUNCT,2593208677638477497,134189,",",PUNCT,2593208677638477497,139330
397,TV,NOUN,14575694583387358922,134189,o,CONJ,1489474827855109852,142330
398,programs,NOUN,8907754605662793867,134189,canción,NOUN,12559770315813818457,142330
399,like,SCONJ,18194338103975822726,134189,la,DET,6804705863737483857,142330
400,Tracker,PROPN,13031412621599067037,134189,Ailey,PROPN,17618747918555690299,139330
401,and,CCONJ,2283656566040971221,134189,de,ADP,11144093025662894627,142330
402,Enterprise,PROPN,8262021669954276349,134189,Sarah,PROPN,15677587052264921572,142330
403,",",PUNCT,2593208677638477497,134189,"""",PUNCT,15884554869126768810,142330
404,CD,NOUN,8427216679587749980,139020,Jones,PROPN,3661964486298931468,142330
405,-,PUNCT,9153284864653046197,139020,Your,PROPN,11245257067546591794,142330
406,rewrite,NOUN,12496034089089614612,139020,Revolution,PROPN,17203120078173030396,142330
407,drives,NOUN,2645917010399640238,139020,Will,PROPN,1769519117881825538,142330
408,",",PUNCT,2593208677638477497,139020,Not,PROPN,8395131317770283464,142330
409,flat,ADJ,2666271516716718244,139020,Be,PROPN,3503697206246672715,142330
410,-,PUNCT,9153284864653046197,139020,Between,PROPN,16354664119825562689,145330
411,screen,NOUN,4948993851417212146,139020,revolución,NOUN,893446262500725987,145330
412,",",PUNCT,2593208677638477497,139020,"""",PUNCT,15884554869126768810,145330
413,Alvin,PROPN,9130464218385049725,139020,Thighs,PROPN,7002557443411974631,145330
414,Ailey,PROPN,17618747918555690299,139020,These,PROPN,9581245737645370779,145330
415,'s,PART,16428057658620181782,139020,Tu,DET,16636132103405038310,145330
416,"""",PUNCT,15884554869126768810,139020,(,PUNCT,12638816674900267446,145330
417,Suite,PROPN,8668526956399342783,139020,no,ADV,13055779130471031426,145330
418,Otis,PROPN,13512472332407934332,139020,ocurrirá,VERB,336570284894911334,145330
419,",",PUNCT,2593208677638477497,139020,entre,ADP,13518256460832573697,145330
420,"""",PUNCT,15884554869126768810,139020,),PUNCT,3842344029291005339,145330
421,or,CCONJ,3740602843040177340,143439,estos,DET,10436838843398290757,145330
422,Sarah,PROPN,15677587052264921572,143439,muslos,NOUN,7052045520444341393,145330
423,Jones,PROPN,3661964486298931468,143439,",",PUNCT,2593208677638477497,145330
424,'s,PART,16428057658620181782,143439,que,PRON,11474801393294414462,145330
425,"""",PUNCT,15884554869126768810,143439,",",PUNCT,2593208677638477497,145330
426,Your,DET,11245257067546591794,143439,la,DET,6804705863737483857,145330
427,Revolution,NOUN,17203120078173030396,143439,por,ADP,18244196334509357400,147330
428,Will,VERB,1769519117881825538,143439,cierto,ADJ,7125988886725757465,147330
429,Not,PART,8395131317770283464,143439,fue,AUX,6922200418372124953,147330
430,[,PUNCT,4398759943034541363,143439,",",PUNCT,2593208677638477497,147330
431,Happen,VERB,13790413839185223306,143439,prohibida,VERB,10178263368860266239,147330
432,],PUNCT,3806482680584466996,143439,(,PUNCT,12638816674900267446,147330
433,Between,ADP,16354664119825562689,143439,por,ADP,18244196334509357400,147330
434,These,DET,9581245737645370779,143439,la,DET,6804705863737483857,147330
435,Thighs,NOUN,7002557443411974631,143439,CFC,PROPN,1555124771676471330,147330
436,",",PUNCT,2593208677638477497,143439,Comisión,PROPN,4819179051021062499,147330
437,"""",PUNCT,15884554869126768810,143439,Federal,PROPN,15660520952367883500,147330
438,which,DET,7063653163634019529,147044,Comunicaciones,PROPN,12850129254813890981,147330
439,",",PUNCT,2593208677638477497,147044,),PUNCT,3842344029291005339,147330
440,by,ADP,16764210730586636600,147044,de,ADP,11144093025662894627,147330
441,the,DET,7425985699627899538,147044,el,DET,11488171005156075516,149330
442,way,NOUN,6878210874361030284,147044,cosas,NOUN,399513973913231652,149330
443,",",PUNCT,2593208677638477497,147044,",",PUNCT,2593208677638477497,147330
444,was,AUX,9921686513378912864,147044,o,CONJ,1489474827855109852,149330
445,banned,VERB,5577890487044554701,147044,todas,DET,16541400954320993806,149330
446,by,ADP,16764210730586636600,147044,sin,ADP,1903330255553929531,151330
447,the,DET,7425985699627899538,147044,estas,DET,16010204526465958382,149330
448,FCC,PROPN,1598302980556559875,147044,ska,PROPN,15835261331562176988,149330
449,",",PUNCT,2593208677638477497,147044,;,PUNCT,631425121691394544,149330
450,or,CCONJ,3740602843040177340,149038,duda,NOUN,12459837890798110664,151330
451,ska,VERB,15835261331562176988,149038,casi,ADV,3261825392838065605,151330
452,--,PUNCT,10501404726543969396,149038,",",PUNCT,2593208677638477497,151330
453,all,DET,13409319323822384369,150213,basadas,ADJ,14764159780671070078,153330
454,of,ADP,886050111519832510,150213,sin,ADP,1903330255553929531,151330
455,these,DET,6459564349623679250,150213,están,AUX,9329291831938041508,153330
456,things,NOUN,3586418546468265269,150213,excepción,NOUN,668701795662476622,151330
457,",",PUNCT,2593208677638477497,150213,",",PUNCT,2593208677638477497,151330
458,without,ADP,4711265942760212190,150213,en,ADP,14626626061804382878,153330
459,question,NOUN,10779227342117629034,150213,ideas,NOUN,3601960780694130587,153330
460,",",PUNCT,2593208677638477497,150213,",",PUNCT,2593208677638477497,153330
461,almost,ADV,9970931496028849525,150213,abstracción,NOUN,10392148756717063924,155330
462,without,ADP,4711265942760212190,150213,y,CONJ,9409450202036847209,155330
463,exception,NOUN,10265442865916827180,150213,creatividad,NOUN,12999371437292217415,155330
464,",",PUNCT,2593208677638477497,150213,.,PUNCT,12646065887601541794,157330
465,are,AUX,5012629990875267006,154513,hace,AUX,12135968124517883173,157330
466,really,ADV,14653600329166397554,154513,años,NOUN,8746864843512539013,157330
467,based,VERB,13565241290225188665,154513,Tenemos,VERB,5367294043555675997,159330
468,on,ADP,5640369432778651323,154513,de,ADP,11144093025662894627,157330
469,ideas,NOUN,3601960780694130587,154513,preguntarnos,NOUN,16777645620522625703,159330
470,and,CCONJ,2283656566040971221,154513,que,SCONJ,11474801393294414462,159330
471,abstract,ADJ,2999350356831612692,154513,:,PUNCT,11532473245541075862,159330
472,and,CCONJ,2283656566040971221,154513,¿,PUNCT,3095673970880011110,161330
473,creativity,NOUN,12108157142775659947,154513,contribución,NOUN,269955749075841989,161330
474,from,ADP,7831658034963690409,158293,a,ADP,11901859001352538922,161330
475,years,NOUN,9492612516460955585,158293,nuestra,DET,6434645427240457100,161330
476,before,ADV,11320251846592927908,158293,hoy,ADV,13035178216107647832,161330
477,.,PUNCT,12646065887601541794,158293,?,PUNCT,8205403955989537350,163330
478,So,CCONJ,3893465145528745987,159908,ese,DET,17080020411610877296,163330
479,we,PRON,16064069575701507746,159908,Cuál,PRON,12631543369083646602,161330
480,have,AUX,14692702688101715474,159908,es,AUX,10343076919720641053,161330
481,to,PART,3791531372978436496,159908,legado,NOUN,2368913197884325753,163330
482,ask,VERB,203487227105936704,159908,pienso,VERB,4173452786608630139,163330
483,ourselves,PRON,7702237170018417328,159908,Cuando,SCONJ,15264642694225760754,163330
484,:,PUNCT,11532473245541075862,159908,",",PUNCT,2593208677638477497,163330
485,What,PRON,5931147113347055926,161402,eso,PRON,12716495710533357957,163330
486,are,AUX,5012629990875267006,161402,en,ADP,14626626061804382878,163330
487,we,PRON,16064069575701507746,161402,me,PRON,18197037023634208128,165330
488,contributing,VERB,1687291859305845969,161402,veras,NOUN,3957408199362212037,165330
489,to,ADP,3791531372978436496,161402,de,ADP,11144093025662894627,165330
490,that,DET,4380130941430378203,161402,.,PUNCT,12646065887601541794,165330
491,legacy,NOUN,7269203429426715959,161402,preocupo,NOUN,255861083273613849,165330
492,right,ADV,5943797630011647483,161402,Para,ADP,10333969874311743441,165330
493,now,ADV,17157488710739566268,161402,ser,AUX,940341820454552972,165330
494,?,PUNCT,8205403955989537350,161402,",",PUNCT,2593208677638477497,165330
495,And,CCONJ,12172435438170721471,164435,honesta,NOUN,1109316805486328693,165330
496,when,ADV,15807309897752499399,164435,No,ADV,9692231336188541085,167330
497,I,PRON,4690420944186131903,164435,me,PRON,18197037023634208128,167330
498,think,VERB,16875814820671380748,164435,creo,VERB,16439760446226872124,167330
499,about,ADP,942632335873952620,164435,preocupo,NOUN,255861083273613849,167330
500,it,PRON,10239237003504588839,164435,que,SCONJ,11474801393294414462,167330
501,",",PUNCT,2593208677638477497,164435,.,PUNCT,12646065887601541794,167330
502,I,PRON,4690420944186131903,166012,estemos,VERB,14834090562887507026,167330
503,'m,AUX,8504683628951808721,166012,haciendo,VERB,13728506546301763949,169330
504,really,ADV,14653600329166397554,166012,cosa,NOUN,11934660320765595756,169330
505,worried,ADJ,1590835026366056004,166012,gran,ADJ,5334715143329897801,169330
506,.,PUNCT,12646065887601541794,166012,.,PUNCT,12646065887601541794,169330
507,To,PART,7831192797367251337,167190,De,ADP,9709023768673339208,172330
508,be,AUX,10382539506755952630,167190,algún,DET,6259029762431868556,172330
509,quite,ADV,11176473678897442000,167190,no,ADV,13055779130471031426,172330
510,frank,ADJ,1901378413800718813,167190,modo,NOUN,14893756913124877746,172330
511,",",PUNCT,2593208677638477497,167190,",",PUNCT,2593208677638477497,172330
512,I,PRON,4690420944186131903,167190,logramos,VERB,15904213425945036243,172330
513,'m,AUX,8504683628951808721,167190,actuar,VERB,5460998838003484928,172330
514,concerned,ADJ,14408474211775539142,167190,el,DET,11488171005156075516,174330
515,.,PUNCT,12646065887601541794,167190,.,PUNCT,12646065887601541794,174330
516,I,PRON,4690420944186131903,169343,futuro,NOUN,817804706655085151,174330
517,'m,AUX,8504683628951808721,169343,estamos,AUX,1184969735604598245,174330
518,skeptical,ADJ,13967975303965227890,169343,Resueltamente,ADV,3811466749751722388,174330
519,that,SCONJ,4380130941430378203,169343,",",PUNCT,2593208677638477497,174330
520,we,PRON,16064069575701507746,169343,unos,DET,692935343199726814,177330
521,'re,AUX,523464648099722843,169343,siendo,AUX,15257982116589381082,177330
522,doing,VERB,10515043043501955111,169343,quedando,VERB,14943193618849989106,179330
523,very,ADV,9548244504980166557,169343,atrás,ADV,3820141125173522023,179330
524,much,ADJ,1935074700818135162,169343,rezagados,NOUN,7931470011676837837,177330
525,of,ADP,886050111519832510,169343,en,ADP,14626626061804382878,174330
526,anything,PRON,10624292618385541108,169343,Nos,PRON,9007825140535657904,179330
527,.,PUNCT,12646065887601541794,169343,.,PUNCT,12646065887601541794,177330
528,We,PRON,15667417291854480293,172593,Frantz,PROPN,13802224160193285877,181330
529,'re,AUX,523464648099722843,172593,estamos,AUX,1184969735604598245,179330
530,",",PUNCT,2593208677638477497,172593,.,PUNCT,12646065887601541794,179330
531,in,ADP,3002984154512732771,172593,Fanon,PROPN,14833585021363295617,181330
532,a,DET,11901859001352538922,172593,un,DET,12188161997964598936,181330
533,sense,NOUN,13164634093912748321,172593,psiquiatra,NOUN,1777950802721229306,181330
534,",",PUNCT,2593208677638477497,172593,",",PUNCT,2593208677638477497,181330
535,failing,VERB,13911472162768148699,174380,",",PUNCT,2593208677638477497,183330
536,to,PART,3791531372978436496,174380,Martinica,PROPN,1374677015038137210,183330
537,act,VERB,4330217062942772869,174380,dijo,VERB,8367545516374751326,183330
538,in,ADP,3002984154512732771,174380,de,ADP,11144093025662894627,181330
539,the,DET,7425985699627899538,174380,la,DET,6804705863737483857,181330
540,future,NOUN,17783898315335276456,174380,generación,NOUN,4032174922538058022,183330
541,.,PUNCT,12646065887601541794,174380,"""",PUNCT,15884554869126768810,183330
542,We,PRON,15667417291854480293,177030,Cada,DET,11514517510091489081,183330
543,'re,AUX,523464648099722843,177030,debe,AUX,11410293419687112684,183330
544,purposefully,ADV,12801752761620126496,177030,:,PUNCT,11532473245541075862,183330
545,",",PUNCT,2593208677638477497,177030,",",PUNCT,2593208677638477497,183330
546,consciously,ADV,317515389901934529,177030,de,ADP,11144093025662894627,185330
547,being,AUX,3899131925553995529,177030,la,DET,6804705863737483857,185330
548,laggards,NOUN,15228359385120150387,177030,oscuridad,NOUN,17549175053213098937,185330
549,.,PUNCT,12646065887601541794,177030,",",PUNCT,2593208677638477497,185330
550,We,PRON,15667417291854480293,180213,relativa,ADJ,12809293282279772784,185330
551,'re,AUX,523464648099722843,180213,su,DET,14248009254309298022,187330
552,lagging,VERB,2771558253974225341,180213,descubrir,VERB,10374856595209890950,187330
553,behind,ADV,9368086581607646285,180213,misión,NOUN,13400342357882919282,187330
554,.,PUNCT,12646065887601541794,180213,y,CONJ,9409450202036847209,187330
555,Frantz,PROPN,13802224160193285877,182097,satisfacerla,PROPN,9094125610334388470,187330
556,Fanon,PROPN,14833585021363295617,182097,o,CONJ,1489474827855109852,187330
557,",",PUNCT,2593208677638477497,182097,"""",PUNCT,15884554869126768810,187330
558,who,PRON,3876862883474502309,182097,Cuál,PRON,12631543369083646602,192330
559,was,AUX,9921686513378912864,182097,es,AUX,10343076919720641053,192330
560,a,DET,11901859001352538922,182097,nuestra,DET,6434645427240457100,192330
561,psychiatrist,NOUN,14795131048272259640,182097,traicionarla,NOUN,16262800037629086633,187330
562,from,ADP,7831658034963690409,182097,¿,PUNCT,3095673970880011110,192330
563,Martinique,PROPN,10992581198648965617,182097,Qué,PRON,15959444434087193889,192330
564,",",PUNCT,2593208677638477497,182097,.,PUNCT,12646065887601541794,187330
565,said,VERB,17573686707662795042,182097,hacer,VERB,17672920047749692400,194330
566,",",PUNCT,2593208677638477497,182097,¿,PUNCT,3095673970880011110,192330
567,"""",PUNCT,15884554869126768810,185079,?,PUNCT,8205403955989537350,192330
568,Each,DET,16762278734495624186,185079,debemos,AUX,483227938760077305,192330
569,generation,NOUN,12757012465390741750,185079,misión,NOUN,13400342357882919282,192330
570,must,VERB,7290638946010101875,185079,Pienso,VERB,7236859206648764908,194330
571,",",PUNCT,2593208677638477497,185079,?,PUNCT,8205403955989537350,194330
572,out,SCONJ,1696981056005371314,185079,que,SCONJ,11474801393294414462,194330
573,of,ADP,886050111519832510,185079,en,ADP,14626626061804382878,196330
574,relative,ADJ,7455181394225191350,185079,consiste,VERB,14771328221555314124,194330
575,obscurity,NOUN,15491448752593467263,185079,misión,NOUN,13400342357882919282,194330
576,",",PUNCT,2593208677638477497,185079,",",PUNCT,2593208677638477497,196330
577,discover,VERB,1997522836329342007,188025,reconciliar,VERB,16964011815478215134,196330
578,its,DET,12513610393978129441,188025,nuestra,DET,6434645427240457100,194330
579,mission,NOUN,2234979971629001305,188025,ciencia,NOUN,7755546493683470704,198330
580,and,CCONJ,2283656566040971221,189743,la,DET,6804705863737483857,198330
581,fulfill,VERB,12725014676038294327,189743,reintegrar,VERB,15007401587713130354,196330
582,or,CCONJ,3740602843040177340,189743,y,CONJ,9409450202036847209,198330
583,betray,VERB,922631143178789688,189743,las,DET,6526950402091386798,198330
584,it,PRON,10239237003504588839,189743,artes,NOUN,15604860080890534770,198330
585,.,PUNCT,12646065887601541794,189743,pues,SCONJ,7158916556456798928,198330
586,"""",PUNCT,15884554869126768810,189743,hoy,ADV,13035178216107647832,198330
587,What,PRON,5931147113347055926,193633,existe,VERB,14803478296915728043,201330
588,is,AUX,3411606890003347522,193633,un,DET,12188161997964598936,201330
589,our,DET,17577015140245084783,193633,la,DET,6804705863737483857,201330
590,mission,NOUN,2234979971629001305,193633,cisma,NOUN,2381973297545108867,201330
591,?,PUNCT,8205403955989537350,193633,.,PUNCT,12646065887601541794,204330
592,What,PRON,5931147113347055926,193633,cultura,NOUN,7029956933174437374,204330
593,do,AUX,2158845516055552166,193633,popular,ADJ,14688941347363729346,204330
594,we,PRON,16064069575701507746,193633,en,ADP,14626626061804382878,201330
595,have,AUX,14692702688101715474,193633,Saben,VERB,16914411474018175786,204330
596,to,PART,3791531372978436496,193633,gente,NOUN,11998830313806299131,206330
597,do,AUX,2158845516055552166,193633,la,DET,6804705863737483857,206330
598,?,PUNCT,8205403955989537350,193633,",",PUNCT,2593208677638477497,204330
599,I,PRON,4690420944186131903,195687,de,ADP,11144093025662894627,206330
600,think,VERB,16875814820671380748,195687,tiene,VERB,12773169655925470509,206330
601,our,DET,17577015140245084783,195687,la,DET,6804705863737483857,206330
602,mission,NOUN,2234979971629001305,195687,idea,NOUN,5566782022517605861,206330
603,is,AUX,3411606890003347522,195687,que,SCONJ,11474801393294414462,206330
604,to,PART,3791531372978436496,195687,la,DET,6804705863737483857,206330
605,reconcile,VERB,4907800131035411873,195687,ciencia,NOUN,7755546493683470704,206330
606,",",PUNCT,2593208677638477497,195687,y,CONJ,9409450202036847209,208329
607,to,PART,3791531372978436496,195687,son,AUX,2555790282192608669,208329
608,reintegrate,VERB,2986464437750541603,195687,consideramos,VERB,15707087982519651881,210330
609,science,NOUN,15907409978124634296,199183,artes,NOUN,15604860080890534770,208329
610,and,CCONJ,2283656566040971221,199183,dos,NUM,14014603652905717938,208329
611,the,DET,7425985699627899538,199183,las,DET,6526950402091386798,208329
612,arts,NOUN,10763589500099602820,199183,cosas,NOUN,399513973913231652,208329
613,",",PUNCT,2593208677638477497,199183,.,PUNCT,12646065887601541794,208329
614,because,SCONJ,16950148841647037698,201556,como,SCONJ,3817173063683202752,210330
615,right,ADV,5943797630011647483,201556,distintas,ADJ,5112639870051864174,208329
616,now,ADV,17157488710739566268,201556,cosas,NOUN,399513973913231652,210330
617,",",PUNCT,2593208677638477497,201556,.,PUNCT,12646065887601541794,212330
618,there,PRON,2112642640949226496,201556,Las,PRON,9845755628983179954,210330
619,'s,AUX,16428057658620181782,201556,y,CONJ,9409450202036847209,212330
620,a,DET,11901859001352538922,201556,separadas,ADJ,11399723350776875924,210330
621,schism,NOUN,13592688309579612515,201556,idea,NOUN,5566782022517605861,212330
622,that,DET,4380130941430378203,201556,Esta,DET,17550470709053160143,212330
623,exists,VERB,13429073107707679016,201556,surgió,VERB,18150577858407577473,214330
624,in,ADP,3002984154512732771,201556,probablemente,ADV,5566680288606912927,212330
625,popular,ADJ,14688941347363729346,201556,diferentes,ADJ,9639905295576268808,212330
626,culture,NOUN,6807689115566132187,201556,siglos,NOUN,7132765757676889436,214330
627,.,PUNCT,12646065887601541794,201556,",",PUNCT,2593208677638477497,214330
628,People,NOUN,4113075906227326583,206307,pero,CONJ,4949779210556390094,216330
629,have,AUX,14692702688101715474,206307,hace,AUX,12135968124517883173,214330
630,this,DET,1995909169258310477,206307,hoy,ADV,13035178216107647832,216330
631,idea,NOUN,5566782022517605861,206307,se,PRON,9839690450034771972,216330
632,that,SCONJ,4380130941430378203,206307,porque,SCONJ,5757082442330786044,218329
633,science,NOUN,15907409978124634296,206307,cuestión,NOUN,12106765358172722697,216330
634,and,CCONJ,2283656566040971221,206307,vuelto,VERB,11240829111508211285,216330
635,the,DET,7425985699627899538,206307,una,DET,1019041181156623609,216330
636,arts,NOUN,10763589500099602820,206307,días,NOUN,601239994617328157,218329
637,are,AUX,5012629990875267006,206307,ha,AUX,8521863001484601166,216330
638,really,ADV,14653600329166397554,206307,todos,DET,5361417614589746890,218329
639,separate,ADJ,579709752623435053,206307,crítica,ADJ,3983322824498004620,216330
640,;,PUNCT,631425121691394544,206307,los,DET,7307884290799599686,218329
641,we,PRON,16064069575701507746,210577,decisiones,NOUN,18026053231323535527,218329
642,think,VERB,16875814820671380748,210577,tomamos,VERB,14990041371301338085,218329
643,of,ADP,886050111519832510,210577,de,ADP,11144093025662894627,220330
644,them,PRON,7976265300568155021,210577,que,PRON,11474801393294414462,220330
645,as,ADV,7437575085468336610,210577,acerca,ADV,4355306406960221317,220330
646,separate,ADJ,579709752623435053,210577,nuestra,DET,6434645427240457100,220330
647,and,CCONJ,2283656566040971221,210577,seguimos,AUX,13397427002292734937,223330
648,different,ADJ,17379251038783395147,210577,si,SCONJ,13884469947995795204,223330
649,things,NOUN,3586418546468265269,210577,sociedad,NOUN,137503196612391965,220330
650,.,PUNCT,12646065887601541794,210577,",",PUNCT,2593208677638477497,220330
651,And,CCONJ,12172435438170721471,212954,que,SCONJ,11474801393294414462,223330
652,this,DET,1995909169258310477,212954,las,DET,6526950402091386798,223330
653,idea,NOUN,5566782022517605861,212954,artes,NOUN,15604860080890534770,223330
654,was,AUX,9921686513378912864,212954,están,AUX,9329291831938041508,225330
655,probably,ADV,8549214374670072303,212954,de,ADP,11144093025662894627,225330
656,introduced,VERB,15190958195890050399,212954,pensando,VERB,3260512875033986827,223330
657,centuries,NOUN,6838120704692272954,212954,separadas,NOUN,11399723350776875924,225330
658,ago,ADV,18432988265768819336,212954,la,DET,6804705863737483857,225330
659,",",PUNCT,2593208677638477497,212954,",",PUNCT,2593208677638477497,225330
660,but,CCONJ,14560795576765492085,216163,ciencia,NOUN,7755546493683470704,225330
661,it,PRON,10239237003504588839,216163,y,CONJ,9409450202036847209,227330
662,'s,AUX,16428057658620181782,216163,seguimos,AUX,13397427002292734937,227330
663,really,ADV,14653600329166397554,216163,bien,ADV,8265441118321635764,227330
664,becoming,VERB,3269375329084901678,216163,pensando,VERB,3260512875033986827,227330
665,critical,ADJ,16978091685467866595,216163,decir,VERB,8511968184309850901,227330
666,now,ADV,17157488710739566268,216163,No,ADV,9692231336188541085,229330
667,",",PUNCT,2593208677638477497,216163,"""",PUNCT,15884554869126768810,229330
668,because,SCONJ,16950148841647037698,219110,que,SCONJ,11474801393294414462,227330
669,we,PRON,16064069575701507746,219110,nada,PRON,6229618345694008059,229330
670,'re,AUX,523464648099722843,219110,está,AUX,4858725201161983290,227330
671,making,VERB,200141916689428108,219110,entiendo,VERB,15940332234699332291,229330
672,decisions,NOUN,7769497914997860259,219110,esto,PRON,1761747332550045118,229330
673,about,ADP,942632335873952620,219110,de,ADP,11144093025662894627,229330
674,our,DET,17577015140245084783,219110,",",PUNCT,2593208677638477497,229330
675,society,NOUN,6115211683563355926,219110,no,ADV,13055779130471031426,231330
676,every,DET,2739543297294151269,219110,entiendo,VERB,15940332234699332291,231330
677,day,NOUN,1608482186128794349,219110,nada,PRON,6229618345694008059,231330
678,that,SCONJ,4380130941430378203,223591,de,ADP,11144093025662894627,231330
679,",",PUNCT,2593208677638477497,223591,"""",PUNCT,15884554869126768810,231330
680,if,SCONJ,12446819118446800910,223591,",",PUNCT,2593208677638477497,231330
681,we,PRON,16064069575701507746,223591,aquello,PRON,3049804823704986299,231330
682,keep,VERB,9099225972875567996,223591,entonces,ADV,2260322170557434109,233330
683,thinking,VERB,10346293177613240481,223591,tendremos,VERB,12887701798216682082,233330
684,that,SCONJ,4380130941430378203,223591,que,SCONJ,11474801393294414462,235330
685,the,DET,7425985699627899538,223591,.,PUNCT,12646065887601541794,233330
686,arts,NOUN,10763589500099602820,223591,problemas,NOUN,9800059711726938999,233330
687,are,AUX,5012629990875267006,223591,Sé,AUX,2303771216197516909,235330
688,separate,ADJ,579709752623435053,223591,nadie,PRON,3867009624333644193,235330
689,from,ADP,7831658034963690409,223591,en,ADP,14626626061804382878,235330
690,the,DET,7425985699627899538,223591,aquí,ADV,11304695278136339124,235330
691,sciences,NOUN,17229130392928749018,223591,TED,PROPN,7712797595491725577,235330
692,",",PUNCT,2593208677638477497,223591,.,PUNCT,12646065887601541794,237330
693,and,CCONJ,2283656566040971221,228824,ya,ADV,7831648150548777939,237330
694,we,PRON,16064069575701507746,228824,eso,PRON,12716495710533357957,237330
695,keep,VERB,9099225972875567996,228824,piensa,VERB,4079176075524373178,237330
696,thinking,VERB,10346293177613240481,228824,sabemos,VERB,3360380393913261411,237330
697,it,PRON,10239237003504588839,228824,Todos,PRON,12131057997984812435,237330
698,'s,AUX,16428057658620181782,228824,están,AUX,9329291831938041508,239330
699,cute,ADJ,11644849928472798610,228824,conectadas,ADJ,4127045537645349815,239330
700,to,PART,3791531372978436496,228824,muy,ADV,16868253375141016776,239330
701,say,VERB,8685289367999165211,228824,que,SCONJ,11474801393294414462,239330
702,",",PUNCT,2593208677638477497,228824,",",PUNCT,2593208677638477497,239330
703,"""",PUNCT,15884554869126768810,230705,pero,CONJ,4949779210556390094,239330
704,I,PRON,4690420944186131903,230705,les,PRON,5902437463952755554,239330
705,do,AUX,2158845516055552166,230705,hay,AUX,7335652051276811590,241330
706,n't,PART,2043519015752540944,230705,que,SCONJ,11474801393294414462,241330
707,understand,VERB,2256871070683278179,230705,cuento,VERB,2586274113278571571,241330
708,anything,PRON,10624292618385541108,230705,que,PRON,11474801393294414462,243330
709,about,ADP,942632335873952620,230705,allá,ADV,7286239235571841520,243330
710,this,DET,1995909169258310477,230705,gente,NOUN,11998830313806299131,241330
711,one,NOUN,17454115351911680600,230705,afuera,NOUN,8645665608707550035,243330
712,",",PUNCT,2593208677638477497,230705,.,PUNCT,12646065887601541794,243330
713,I,PRON,4690420944186131903,232801,que,SCONJ,11474801393294414462,243330
714,do,AUX,2158845516055552166,232801,es,AUX,10343076919720641053,243330
715,n't,PART,2043519015752540944,232801,no,ADV,13055779130471031426,243330
716,understand,VERB,2256871070683278179,232801,cree,VERB,16665973061186745001,243330
717,anything,PRON,10624292618385541108,232801,así,ADV,13388538489347049961,243330
718,about,ADP,942632335873952620,232801,Piensan,VERB,10772072931902422469,245330
719,the,DET,7425985699627899538,232801,que,SCONJ,11474801393294414462,245330
720,other,ADJ,1176656782636220709,232801,buenísimo,ADJ,9136802893306510178,245330
721,one,NOUN,17454115351911680600,232801,científicos,NOUN,9068354635756926713,247330
722,",",PUNCT,2593208677638477497,232801,"""",PUNCT,15884554869126768810,247330
723,"""",PUNCT,15884554869126768810,232801,",",PUNCT,2593208677638477497,247330
724,then,ADV,2630753287402592467,235206,decir,VERB,8511968184309850901,245330
725,we,PRON,16064069575701507746,235206,los,DET,7307884290799599686,247330
726,'re,AUX,523464648099722843,235206,es,AUX,10343076919720641053,245330
727,going,VERB,14242014708739787450,235206,Saben,VERB,16914411474018175786,247330
728,to,PART,3791531372978436496,235206,y,CONJ,9409450202036847209,247330
729,have,AUX,14692702688101715474,235206,son,AUX,2555790282192608669,247330
730,problems,NOUN,12400684381872086361,235206,ciencia,NOUN,7755546493683470704,247330
731,.,PUNCT,12646065887601541794,235206,la,DET,6804705863737483857,247330
732,Now,ADV,13923566239961886281,236882,no,ADV,13055779130471031426,247330
733,",",PUNCT,2593208677638477497,236882,.,PUNCT,12646065887601541794,249330
734,I,PRON,4690420944186131903,236882,vez,NOUN,8246815288216585998,249330
735,know,VERB,7743033266031195906,236882,Tal,NOUN,5456240038276239557,249330
736,no,DET,13055779130471031426,236882,los,DET,7307884290799599686,249330
737,one,NOUN,17454115351911680600,236882,científicos,NOUN,9068354635756926713,249330
738,here,ADV,411390626470654571,236882,no,ADV,13055779130471031426,251330
739,at,ADP,11667289587015813222,236882,sean,AUX,6139498919658700348,249330
740,TED,PROPN,7712797595491725577,236882,creativos,PROPN,2783114055976162464,249330
741,thinks,VERB,13377205879785369474,236882,pero,CONJ,4949779210556390094,251330
742,this,DET,1995909169258310477,236882,ingeniosos,ADJ,6519733372249893026,249330
743,.,PUNCT,12646065887601541794,236882,"""",PUNCT,15884554869126768810,251330
744,All,DET,3199372179527662625,238945,Los,DET,8281310487209232694,253330
745,of,ADP,886050111519832510,238945,creativos,ADJ,2783114055976162464,251330
746,us,PRON,4950757572332304006,238945,orientadores,NOUN,15660456658206395376,253330
747,",",PUNCT,2593208677638477497,238945,.,PUNCT,12646065887601541794,251330
748,we,PRON,16064069575701507746,238945,profesionales,ADJ,6657523614619021661,253330
749,already,ADV,12647358837591399640,238945,y,CONJ,9409450202036847209,253330
750,know,VERB,7743033266031195906,238945,tenemos,VERB,15443725945600917365,255330
751,that,SCONJ,4380130941430378203,238945,personas,NOUN,1891828540174324529,255330
752,they,PRON,16875582379069451158,238945,otras,DET,9467666572440207555,255330
753,'re,AUX,523464648099722843,238945,la,DET,6804705863737483857,255330
754,very,ADV,9548244504980166557,238945,tendencia,NOUN,11584407440392349303,255330
755,connected,ADJ,12414132254122877891,238945,a,ADP,11901859001352538922,255330
756,.,PUNCT,12646065887601541794,238945,:,PUNCT,11532473245541075862,257330
757,But,CCONJ,18004243461113809161,241585,cosas,NOUN,399513973913231652,255330
758,I,PRON,4690420944186131903,241585,como,SCONJ,3817173063683202752,257330
759,'m,AUX,8504683628951808721,241585,son,AUX,2555790282192608669,257330
760,going,VERB,14242014708739787450,241585,decir,VERB,8511968184309850901,255330
761,to,PART,3791531372978436496,241585,"""",PUNCT,15884554869126768810,257330
762,let,VERB,278066919066513387,241585,artistas,NOUN,2509245971204688150,257330
763,you,PRON,7624161793554793053,241585,nos,PRON,6968452539944589995,257330
764,know,VERB,7743033266031195906,241585,.,PUNCT,12646065887601541794,257330
765,that,SCONJ,4380130941430378203,241585,analíticos,ADJ,9918415842208263073,257330
766,some,DET,7000492816108906599,241585,los,DET,7307884290799599686,257330
767,folks,NOUN,207445740319315969,241585,Tal,NOUN,5456240038276239557,259330
768,in,ADP,3002984154512732771,241585,pero,CONJ,4949779210556390094,259330
769,the,DET,7425985699627899538,241585,sean,AUX,6139498919658700348,259330
770,outside,ADJ,12341974070768608367,241585,ingeniosos,ADJ,6519733372249893026,259330
771,world,NOUN,1703489418272052182,241585,vez,NOUN,8246815288216585998,259330
772,",",PUNCT,2593208677638477497,241585,"""",PUNCT,15884554869126768810,262330
773,believe,VERB,7936246238499659209,244804,no,ADV,13055779130471031426,262330
774,it,PRON,10239237003504588839,244804,analíticos,ADJ,9918415842208263073,262330
775,or,CCONJ,3740602843040177340,244804,estos,DET,10436838843398290757,265330
776,not,PART,447765159362469301,244804,Cuando,SCONJ,15264642694225760754,265330
777,",",PUNCT,2593208677638477497,244804,.,PUNCT,12646065887601541794,262330
778,think,VERB,16875814820671380748,244804,conceptos,NOUN,5310701743248840446,265330
779,it,PRON,10239237003504588839,244804,la,DET,6804705863737483857,265330
780,'s,AUX,16428057658620181782,244804,son,AUX,2555790282192608669,265330
781,neat,ADJ,15904307196255440402,244804,base,NOUN,4715552063986449646,265330
782,when,ADV,15807309897752499399,244804,de,ADP,11144093025662894627,265330
783,they,PRON,16875582379069451158,244804,nuestra,DET,6434645427240457100,265330
784,say,VERB,8685289367999165211,244804,pensamos,VERB,1621219203374301082,267330
785,",",PUNCT,2593208677638477497,244804,y,CONJ,9409450202036847209,267330
786,"""",PUNCT,15884554869126768810,247172,lo,DET,12507729120330568444,267330
787,Scientists,NOUN,11330225246485846968,247172,enseñanza,NOUN,2982027861386364830,265330
788,and,CCONJ,2283656566040971221,247172,que,PRON,11474801393294414462,267330
789,science,NOUN,15907409978124634296,247172,mundo,NOUN,4571220300153094564,267330
790,is,AUX,3411606890003347522,247172,del,ADP,14178434899903659559,267330
791,not,PART,447765159362469301,247172,un,DET,12188161997964598936,269330
792,creative,ADJ,1433653077910583464,247172,tenemos,VERB,15443725945600917365,269330
793,.,PUNCT,12646065887601541794,247172,",",PUNCT,2593208677638477497,267330
794,Maybe,ADV,2411557000688341021,250466,pues,SCONJ,7158916556456798928,269330
795,scientists,NOUN,15048473210916948367,250466,problema,NOUN,9973753568802441341,269330
796,are,AUX,5012629990875267006,250466,obstaculizamos,VERB,13661709093038386792,271330
797,ingenious,ADJ,12068716341854517074,250466,la,DET,6804705863737483857,271330
798,",",PUNCT,2593208677638477497,250466,.,PUNCT,12646065887601541794,271330
799,but,CCONJ,14560795576765492085,250466,para,ADP,17491956544424926374,271330
800,they,PRON,16875582379069451158,250466,todo,PRON,1039296168925561739,271330
801,'re,AUX,523464648099722843,250466,ayuda,NOUN,9971713063512762226,271330
802,not,PART,447765159362469301,250466,Al,ADP,11631551226137452986,273330
803,creative,ADJ,1433653077910583464,250466,aceptar,VERB,17256503236919394247,273330
804,.,PUNCT,12646065887601541794,250466,esta,DET,5821559423218928566,273330
805,"""",PUNCT,15884554869126768810,250466,",",PUNCT,2593208677638477497,273330
806,And,CCONJ,12172435438170721471,253803,dicotomía,NOUN,7412339912313625671,273330
807,then,ADV,2630753287402592467,253803,así,ADV,13388538489347049961,275330
808,we,PRON,16064069575701507746,253803,en,ADP,14626626061804382878,275330
809,have,AUX,14692702688101715474,253803,sea,AUX,3315219263181363146,275330
810,this,DET,1995909169258310477,253803,de,ADP,11144093025662894627,275330
811,tendency,NOUN,925430756343116198,253803,tono,NOUN,9151982590947526047,275330
812,",",PUNCT,2593208677638477497,253803,",",PUNCT,2593208677638477497,275330
813,the,DET,7425985699627899538,255320,nuestro,DET,6162416962808358642,277330
814,career,NOUN,16267834800013645067,255320,cuando,SCONJ,10847943810515898149,275330
815,counselors,NOUN,5434576858105699739,255320,burla,NOUN,37696863024020265,275330
816,and,CCONJ,2283656566040971221,255320,intentamos,VERB,5936382262393870019,277330
817,various,ADJ,15505458595570984623,255320,en,ADP,14626626061804382878,277330
818,people,NOUN,7593739049417968140,255320,mundo,NOUN,4571220300153094564,277330
819,say,VERB,8685289367999165211,255320,acomodarlo,VERB,15077791904232107269,277330
820,things,NOUN,3586418546468265269,255320,e,CONJ,1720370409040345145,279330
821,like,INTJ,18194338103975822726,257868,intentamos,VERB,5936382262393870019,279330
822,",",PUNCT,2593208677638477497,257868,construir,VERB,7603118343443357255,279330
823,"""",PUNCT,15884554869126768810,257868,nuestra,DET,6434645427240457100,279330
824,Artists,NOUN,6461758463710817935,257868,base,NOUN,4715552063986449646,279330
825,are,AUX,5012629990875267006,257868,para,ADP,17491956544424926374,281330
826,not,PART,447765159362469301,257868,el,DET,11488171005156075516,281330
827,analytical,ADJ,8736917384272172897,257868,mundo,NOUN,4571220300153094564,281330
828,.,PUNCT,12646065887601541794,257868,",",PUNCT,2593208677638477497,281330
829,They,PRON,14947529218328092544,260505,desbaratando,VERB,5214269059533155691,281330
830,'re,AUX,523464648099722843,260505,estamos,AUX,1184969735604598245,281330
831,ingenious,ADJ,12068716341854517074,260505,el,DET,11488171005156075516,281330
832,",",PUNCT,2593208677638477497,260505,futuro,NOUN,817804706655085151,281330
833,perhaps,ADV,1559552927328850413,260505,pues,SCONJ,7158916556456798928,283330
834,",",PUNCT,2593208677638477497,260505,",",PUNCT,2593208677638477497,283330
835,but,CCONJ,14560795576765492085,263109,quiere,VERB,3686747369933169209,283330
836,not,PART,447765159362469301,263109,quién,PRON,12991509265516384760,283330
837,analytical,ADJ,8736917384272172897,263109,creativo,ADJ,1714742327779612704,283330
838,.,PUNCT,12646065887601541794,263109,¿,PUNCT,3095673970880011110,283330
839,"""",PUNCT,15884554869126768810,263109,?,PUNCT,8205403955989537350,283330
840,And,CCONJ,12172435438170721471,265401,ser,AUX,940341820454552972,283330
841,when,ADV,15807309897752499399,265401,poco,ADV,4117172620621991493,283330
842,these,DET,6459564349623679250,265401,¿,PUNCT,3095673970880011110,285330
843,concepts,NOUN,8450416960114449038,265401,ser,AUX,940341820454552972,285330
844,underlie,VERB,10174477573349670868,265401,quiere,VERB,3686747369933169209,285330
845,our,DET,17577015140245084783,265401,El,DET,2536664749893722438,287330
846,teaching,NOUN,14762733713147723012,265401,talento,NOUN,13352583652442641305,287330
847,and,CCONJ,2283656566040971221,267807,ilógico,ADJ,18069578941628594530,285330
848,what,PRON,5865838185239622912,267807,Quién,PRON,12837003460717732320,285330
849,we,PRON,16064069575701507746,267807,uno,PRON,8171375619591740969,287330
850,think,VERB,16875814820671380748,267807,provendría,VERB,1969403714819987763,287330
851,about,ADP,942632335873952620,267807,de,ADP,11144093025662894627,287330
852,the,DET,7425985699627899538,267807,estos,DET,10436838843398290757,287330
853,world,NOUN,1703489418272052182,267807,campos,NOUN,11142661552492099855,287330
854,",",PUNCT,2593208677638477497,267807,?,PUNCT,8205403955989537350,285330
855,then,ADV,2630753287402592467,269727,de,ADP,11144093025662894627,287330
856,we,PRON,16064069575701507746,269727,si,SCONJ,13884469947995795204,289330
857,have,AUX,14692702688101715474,269727,tuviera,VERB,18155005171574153952,289330
858,a,DET,11901859001352538922,269727,un,DET,12188161997964598936,291330
859,problem,NOUN,4473158105997569131,269727,punto,NOUN,16111911401259624898,291330
860,",",PUNCT,2593208677638477497,269727,.,PUNCT,12646065887601541794,289330
861,because,SCONJ,16950148841647037698,271077,que,SCONJ,11474801393294414462,289330
862,we,PRON,16064069575701507746,271077,uno,PRON,8171375619591740969,289330
863,stymie,VERB,7171676477198074188,271077,Llegarán,VERB,2822138160618480285,291330
864,support,VERB,5147005412574305164,271077,escoger,VERB,17614369880985913724,289330
865,for,ADP,16037325823156266367,271077,a,ADP,11901859001352538922,291330
866,everything,PRON,9410232112791000120,271077,donde,PRON,15978451798512932743,293330
867,.,PUNCT,12646065887601541794,271077,:,PUNCT,11532473245541075862,293330
868,By,ADP,5341905273524142386,273211,en,ADP,14626626061804382878,291330
869,accepting,VERB,3454948253754420885,273211,piensan,VERB,7328092445825530554,293330
870,this,DET,1995909169258310477,273211,"""",PUNCT,15884554869126768810,293330
871,dichotomy,NOUN,8046242586343656732,273211,Bueno,INTJ,10671597549141307999,293330
872,",",PUNCT,2593208677638477497,273211,",",PUNCT,2593208677638477497,293330
873,whether,SCONJ,4099315622432746663,274855,puedo,AUX,12531986228534493661,293330
874,it,PRON,10239237003504588839,274855,creativo,ADJ,1714742327779612704,293330
875,'s,AUX,16428057658620181782,274855,ser,AUX,940341820454552972,293330
876,tongue,NOUN,17791240896542951680,274855,y,CONJ,9409450202036847209,295330
877,-,PUNCT,9153284864653046197,274855,lógico,ADJ,7304136111146362340,295330
878,in,ADP,3002984154512732771,274855,al,ADP,8222700718889469974,295330
879,-,PUNCT,9153284864653046197,274855,.,PUNCT,12646065887601541794,295330
880,cheek,NOUN,7052685886369201763,274855,tiempo,NOUN,3897009725270815938,295330
881,",",PUNCT,2593208677638477497,274855,"""",PUNCT,15884554869126768810,295330
882,when,ADV,15807309897752499399,276990,Ahora,ADV,10720993020331908228,297330
883,we,PRON,16064069575701507746,276990,mismo,DET,12984459046605325283,295330
884,attempt,VERB,1731169490046135071,276990,bien,ADV,8265441118321635764,297330
885,to,PART,3791531372978436496,276990,",",PUNCT,2593208677638477497,297330
886,accommodate,VERB,16821070494052386973,276990,crecí,VERB,17045370903837094558,297330
887,it,PRON,10239237003504588839,276990,60,NUM,16466213119388437777,297330
888,in,ADP,3002984154512732771,276990,en,ADP,14626626061804382878,297330
889,our,DET,17577015140245084783,276990,los,DET,7307884290799599686,297330
890,world,NOUN,1703489418272052182,276990,años,NOUN,8746864843512539013,297330
891,",",PUNCT,2593208677638477497,276990,",",PUNCT,2593208677638477497,297330
892,and,CCONJ,2283656566040971221,279555,y,CONJ,9409450202036847209,297330
893,we,PRON,16064069575701507746,279555,lo,PRON,12507729120330568444,297330
894,try,VERB,4812066089261065646,279555,admito,VERB,6923918412709961608,297330
895,to,PART,3791531372978436496,279555,hecho,NOUN,12144731232849489260,299330
896,build,VERB,15542623189494043735,279555,abarcó,VERB,7567927877295149763,299330
897,our,DET,17577015140245084783,279555,mi,DET,8676063341920465065,299330
898,foundation,NOUN,15101085767651091126,279555,niñez,NOUN,16399623691888300584,299330
899,for,ADP,16037325823156266367,279555,de,ADP,11144093025662894627,299330
900,the,DET,7425985699627899538,279555,los,DET,7307884290799599686,299330
901,world,NOUN,1703489418272052182,279555,años,NOUN,8746864843512539013,299330
902,",",PUNCT,2593208677638477497,279555,",",PUNCT,2593208677638477497,299330
903,we,PRON,16064069575701507746,281934,60,NUM,16466213119388437777,299330
904,'re,AUX,523464648099722843,281934,ser,AUX,940341820454552972,302330
905,messing,VERB,14199369536199649840,281934,quería,VERB,9694205093660223910,302330
906,up,ADP,2199259611705938403,281934,y,CONJ,9409450202036847209,302330
907,the,DET,7425985699627899538,281934,el,DET,11488171005156075516,304330
908,future,NOUN,17783898315335276456,281934,hecho,NOUN,12144731232849489260,304330
909,",",PUNCT,2593208677638477497,281934,siempre,ADV,15391811626801301543,302330
910,because,SCONJ,16950148841647037698,283496,que,SCONJ,11474801393294414462,304330
911,:,PUNCT,11532473245541075862,283496,y,CONJ,9409450202036847209,302330
912,Who,PRON,4965177937666302486,283496,de,ADP,11144093025662894627,304330
913,wants,VERB,5192225495797021140,283496,resentí,VERB,17644469342021689282,304330
914,to,PART,3791531372978436496,283496,en,ADP,14626626061804382878,304330
915,be,AUX,10382539506755952630,283496,era,AUX,7478797442728669872,304330
916,uncreative,ADJ,16966248123745443858,283496,hippy,ADJ,4208072807309068435,302330
917,?,PUNCT,8205403955989537350,283496,no,ADV,13055779130471031426,304330
918,Who,PRON,4965177937666302486,286394,realidad,NOUN,17066760827497583576,304330
919,wants,VERB,5192225495797021140,286394,lo,DET,12507729120330568444,306330
920,to,PART,3791531372978436496,286394,suficientemente,ADV,9586085586093840404,306330
921,be,AUX,10382539506755952630,286394,ser,AUX,940341820454552972,306330
922,illogical,ADJ,11881109852514882103,286394,vieja,ADJ,477853759941649605,306330
923,?,PUNCT,8205403955989537350,286394,.,PUNCT,12646065887601541794,306330
924,Talent,NOUN,14197491248763580184,288108,gente,NOUN,11998830313806299131,308330
925,would,VERB,6992604926141104606,288108,hippy,ADJ,4208072807309068435,306330
926,run,VERB,12767647472892411841,288108,Sé,AUX,2303771216197516909,308330
927,from,ADP,7831658034963690409,288108,para,ADP,17491956544424926374,306330
928,either,DET,7000860569167321224,288108,hay,AUX,7335652051276811590,308330
929,of,ADP,886050111519832510,288108,aquí,ADV,11304695278136339124,308330
930,these,DET,6459564349623679250,288108,la,DET,6804705863737483857,308330
931,fields,NOUN,4451926212506651876,288108,generación,NOUN,4032174922538058022,308330
932,if,SCONJ,12446819118446800910,290196,que,SCONJ,11474801393294414462,308330
933,you,PRON,7624161793554793053,290196,",",PUNCT,2593208677638477497,308330
934,said,VERB,17573686707662795042,290196,joven,ADJ,17461213738928634521,310330
935,you,PRON,7624161793554793053,290196,que,PRON,11474801393294414462,310330
936,had,AUX,12960022596163002503,290196,ser,AUX,940341820454552972,310330
937,to,PART,3791531372978436496,290196,hippy,ADJ,4208072807309068435,310330
938,choose,VERB,289419744638753225,290196,quiere,VERB,3686747369933169209,310330
939,either,ADV,7000860569167321224,290196,más,ADV,13805553149795463782,310330
940,.,PUNCT,12646065887601541794,290196,",",PUNCT,2593208677638477497,310330
941,Then,ADV,3636093925232013737,291993,pero,CONJ,4949779210556390094,312330
942,they,PRON,16875582379069451158,291993,la,DET,6804705863737483857,312330
943,'ll,VERB,5816706412157836887,291993,gente,NOUN,11998830313806299131,312330
944,go,VERB,8004577259940138793,291993,habla,VERB,12677730105933917781,312330
945,to,ADP,3791531372978436496,291993,de,ADP,11144093025662894627,312330
946,something,PRON,17370494668576369452,291993,los,DET,7307884290799599686,312330
947,where,ADV,16318918034475841628,291993,años,NOUN,8746864843512539013,312330
948,they,PRON,16875582379069451158,291993,60,NUM,16466213119388437777,312330
949,think,VERB,16875814820671380748,291993,todo,DET,1039296168925561739,312330
950,",",PUNCT,2593208677638477497,291993,el,DET,11488171005156075516,312330
951,"""",PUNCT,15884554869126768810,294230,",",PUNCT,2593208677638477497,312330
952,Well,INTJ,14379783840816760627,294230,tiempo,NOUN,3897009725270815938,312330
953,",",PUNCT,2593208677638477497,294230,y,CONJ,9409450202036847209,314330
954,I,PRON,4690420944186131903,294230,de,ADP,11144093025662894627,314330
955,can,VERB,6635067063807956629,294230,hablan,VERB,8404357292650977551,314330
956,be,AUX,10382539506755952630,294230,la,DET,6804705863737483857,314330
957,creative,ADJ,1433653077910583464,294230,anarquía,NOUN,5242233621069252147,314330
958,and,CCONJ,2283656566040971221,294230,época,NOUN,12379185162451687162,314330
959,logical,ADJ,5040589511204149492,294230,pero,CONJ,4949779210556390094,316330
960,at,ADP,11667289587015813222,294230,de,ADP,11144093025662894627,314330
961,the,DET,7425985699627899538,294230,la,DET,6804705863737483857,314330
962,same,ADJ,7488871353255107396,294230,cuando,SCONJ,10847943810515898149,316330
963,time,NOUN,8885804376230376864,294230,años,NOUN,8746864843512539013,318330
964,.,PUNCT,12646065887601541794,294230,pienso,VERB,4173452786608630139,316330
965,"""",PUNCT,15884554869126768810,294230,los,DET,7307884290799599686,318330
966,Now,ADV,13923566239961886281,296860,60,NUM,16466213119388437777,318330
967,",",PUNCT,2593208677638477497,296860,",",PUNCT,2593208677638477497,318330
968,I,PRON,4690420944186131903,296860,que,PRON,11474801393294414462,318330
969,grew,VERB,15256117247579404240,296860,quedó,VERB,17638256409914753496,318330
970,up,ADP,2199259611705938403,296860,en,ADP,14626626061804382878,318330
971,in,ADP,3002984154512732771,296860,fue,AUX,6922200418372124953,318330
972,the,DET,7425985699627899538,296860,lo,DET,12507729120330568444,318330
973,',NOUN,11221368173670222813,296860,esperanza,NOUN,17245174116171988630,320330
974,60s,NUM,7597356026394865070,296860,que,SCONJ,11474801393294414462,320330
975,and,CCONJ,2283656566040971221,296860,había,AUX,11746775058755771264,320330
976,I,PRON,4690420944186131903,296860,me,PRON,18197037023634208128,318330
977,'ll,VERB,5816706412157836887,296860,en,ADP,14626626061804382878,320330
978,admit,VERB,4187506129128217620,296860,Pensamos,VERB,4195036632603601764,322330
979,it,PRON,10239237003504588839,296860,todos,PRON,5361417614589746890,322330
980,--,PUNCT,10501404726543969396,296860,.,PUNCT,12646065887601541794,320330
981,actually,ADV,11882120564994168090,299547,que,SCONJ,11474801393294414462,322330
982,",",PUNCT,2593208677638477497,299547,.,PUNCT,12646065887601541794,322330
983,my,DET,227504873216781231,299547,el,DET,11488171005156075516,320330
984,childhood,NOUN,2927356080012357581,299547,futuro,NOUN,817804706655085151,320330
985,spanned,VERB,8451841821309212308,299547,participar,VERB,4123344678709802602,322330
986,the,DET,7425985699627899538,299547,podían,AUX,11134495017092578867,322330
987,',NOUN,11221368173670222813,299547,Había,AUX,15150253858777753710,324330
988,60s,NOUN,7597356026394865070,299547,ideas,NOUN,3601960780694130587,324330
989,",",PUNCT,2593208677638477497,299547,",",PUNCT,2593208677638477497,324330
990,and,CCONJ,2283656566040971221,302623,increíbles,ADJ,12156261458116716856,324330
991,I,PRON,4690420944186131903,302623,maravillosas,ADJ,13118593026112681931,324330
992,was,AUX,9921686513378912864,302623,que,SCONJ,11474801393294414462,326330
993,a,DET,11901859001352538922,302623,siempre,ADV,15391811626801301543,326330
994,wannabe,PROPN,397850938351683947,302623,estaban,VERB,4973306381862318759,326330
995,hippie,NOUN,4198669115211671271,302623,difundiéndose,VERB,12120757281073853433,326330
996,",",PUNCT,2593208677638477497,302623,",",PUNCT,2593208677638477497,326330
997,and,CCONJ,2283656566040971221,304297,y,CONJ,9409450202036847209,328330
998,I,PRON,4690420944186131903,304297,que,PRON,11474801393294414462,328330
999,always,ADV,17471638809377599778,304297,mucho,ADV,3038928633385455635,328330
1000,resented,VERB,15007586102520947461,304297,de,ADP,11144093025662894627,328330
1001,the,DET,7425985699627899538,304297,lo,DET,12507729120330568444,328330
1002,fact,NOUN,3814049101131682695,304297,moda,NOUN,10849082076777802744,328330
1003,that,SCONJ,4380130941430378203,304297,hoy,ADV,13035178216107647832,328330
1004,I,PRON,4690420944186131903,304297,de,ADP,11144093025662894627,328330
1005,was,AUX,9921686513378912864,304297,está,AUX,4858725201161983290,328330
1006,n't,PART,2043519015752540944,304297,en,ADP,14626626061804382878,331330
1007,old,ADJ,2483095116303079762,304297,basado,ADJ,12719991643309406526,331330
1008,enough,ADV,5083403373732563023,304297,realidad,NOUN,17066760827497583576,331330
1009,to,PART,3791531372978436496,304297,en,ADP,14626626061804382878,331330
1010,be,AUX,10382539506755952630,304297,está,AUX,4858725201161983290,331330
1011,a,DET,11901859001352538922,304297,estos,DET,10436838843398290757,331330
1012,hippie,NOUN,4198669115211671271,304297,conceptos,NOUN,5310701743248840446,331330
1013,.,PUNCT,12646065887601541794,304297,",",PUNCT,2593208677638477497,331330
1014,And,CCONJ,12172435438170721471,308846,de,ADP,11144093025662894627,331330
1015,I,PRON,4690420944186131903,308846,algunos,PRON,8203652649733001954,331330
1016,know,VERB,7743033266031195906,308846,intenta,VERB,9990281262211063934,333330
1017,there,PRON,2112642640949226496,308846,que,PRON,11474801393294414462,333330
1018,are,AUX,5012629990875267006,308846,sea,AUX,3315219263181363146,333330
1019,people,NOUN,7593739049417968140,308846,gente,NOUN,11998830313806299131,333330
1020,here,ADV,411390626470654571,308846,así,ADV,13388538489347049961,333330
1021,",",PUNCT,2593208677638477497,308846,usar,VERB,10841222263501392999,333330
1022,the,DET,7425985699627899538,308846,la,DET,6804705863737483857,335330
1023,younger,ADJ,10425873939099556301,308846,primera,ADJ,7070894873218415832,335330
1024,generation,NOUN,12757012465390741750,308846,directiva,NOUN,12886122463753686556,335330
1025,",",PUNCT,2593208677638477497,308846,",",PUNCT,2593208677638477497,335330
1026,who,PRON,3876862883474502309,311741,Star,PROPN,14602994819721948614,335330
1027,want,VERB,7597692042947428029,311741,Trek,PROPN,17944108875402847331,335330
1028,to,PART,3791531372978436496,311741,de,ADP,11144093025662894627,335330
1029,be,AUX,10382539506755952630,311741,involucrarse,PROPN,1018197324462607512,337330
1030,hippies,NOUN,1341597650735022961,311741,en,ADP,14626626061804382878,337330
1031,.,PUNCT,12646065887601541794,311741,",",PUNCT,2593208677638477497,337330
1032,People,NOUN,4113075906227326583,313229,cosas,NOUN,399513973913231652,337330
1033,talk,VERB,13939146775466599234,313229,o,CONJ,1489474827855109852,337330
1034,about,ADP,942632335873952620,313229,de,ADP,11144093025662894627,337330
1035,the,DET,7425985699627899538,313229,ese,DET,17080020411610877296,339330
1036,',NOUN,11221368173670222813,313229,nuevo,ADJ,18164165726872120377,337330
1037,60s,NOUN,7597356026394865070,313229,tejido,NOUN,624773948845422595,339330
1038,all,DET,13409319323822384369,313229,de,ADP,11144093025662894627,339330
1039,the,DET,7425985699627899538,313229,las,DET,6526950402091386798,339330
1040,time,NOUN,8885804376230376864,313229,dimensión,NOUN,602814522958825355,339330
1041,.,PUNCT,12646065887601541794,313229,y,CONJ,9409450202036847209,339330
1042,And,CCONJ,12172435438170721471,315307,tercera,ADJ,7225560184009738583,339330
1043,they,PRON,16875582379069451158,315307,máquinas,NOUN,12405315247117268641,341330
1044,talk,VERB,13939146775466599234,315307,de,ADP,11144093025662894627,341330
1045,about,ADP,942632335873952620,315307,de,ADP,11144093025662894627,341330
1046,the,DET,7425985699627899538,315307,las,DET,6526950402091386798,341330
1047,anarchy,NOUN,5940587724015126966,315307,fax,NOUN,7993799438358599552,341330
1048,that,DET,4380130941430378203,315307,mis,DET,5804976024871865433,341330
1049,was,AUX,9921686513378912864,315307,leo,VERB,2725285778202814672,341330
1050,there,ADV,2112642640949226496,315307,en,ADP,14626626061804382878,341330
1051,.,PUNCT,12646065887601541794,315307,;,PUNCT,631425121691394544,343330
1052,But,CCONJ,18004243461113809161,317538,revistas,NOUN,12392662013246426945,343330
1053,when,ADV,15807309897752499399,317538,semanales,ADJ,12307791386068363159,343330
1054,I,PRON,4690420944186131903,317538,que,PRON,11474801393294414462,341330
1055,think,VERB,16875814820671380748,317538,la,DET,6804705863737483857,343330
1056,about,ADP,942632335873952620,317538,y,CONJ,9409450202036847209,345330
1057,the,DET,7425985699627899538,317538,la,DET,6804705863737483857,345330
1058,',NOUN,11221368173670222813,317538,tecnología,NOUN,3431151063878907770,343330
1059,60s,NOUN,7597356026394865070,317538,ingeniería,NOUN,12426777985176237944,345330
1060,",",PUNCT,2593208677638477497,317538,.,PUNCT,12646065887601541794,345330
1061,what,PRON,5865838185239622912,319158,los,DET,7307884290799599686,347330
1062,I,PRON,4690420944186131903,319158,Pero,CONJ,3012608552889114327,347330
1063,took,VERB,1524062747651706878,319158,empezaban,VERB,1136513266199675282,345330
1064,away,ADV,15726112966383307120,319158,apenas,ADV,9985469912007139444,345330
1065,from,ADP,7831658034963690409,319158,años,NOUN,8746864843512539013,347330
1066,it,PRON,10239237003504588839,319158,me,PRON,18197037023634208128,347330
1067,was,AUX,9921686513378912864,319158,60,NUM,16466213119388437777,347330
1068,that,SCONJ,4380130941430378203,319158,que,SCONJ,11474801393294414462,349330
1069,there,PRON,2112642640949226496,319158,dejaron,VERB,5667943353406651181,347330
1070,was,AUX,9921686513378912864,319158,Siempre,ADV,12156407367542299304,349330
1071,hope,NOUN,4429974322456332988,319158,problema,NOUN,9973753568802441341,347330
1072,for,ADP,16037325823156266367,319158,al,ADP,8222700718889469974,349330
1073,the,DET,7425985699627899538,319158,un,DET,12188161997964598936,347330
1074,future,NOUN,17783898315335276456,319158,supuse,NOUN,15537195623669679769,349330
1075,.,PUNCT,12646065887601541794,319158,.,PUNCT,12646065887601541794,347330
1076,We,PRON,15667417291854480293,322920,espacio,NOUN,794562246875068945,351330
1077,thought,VERB,9169342766156091463,322920,iría,VERB,7032760816331317508,349330
1078,everyone,PRON,8336247396359886285,322920,pues,SCONJ,7158916556456798928,351330
1079,could,VERB,7494117911267222209,322920,seguí,VERB,12972125683840643770,351330
1080,participate,VERB,4176336786957309062,322920,todo,DET,1039296168925561739,351330
1081,.,PUNCT,12646065887601541794,322920,",",PUNCT,2593208677638477497,351330
1082,There,PRON,6090035477591592277,324994,esto,PRON,1761747332550045118,351330
1083,were,AUX,9570894245975188254,324994,pero,CONJ,4949779210556390094,354330
1084,wonderful,ADJ,17835575765003257990,324994,también,ADV,18236539777431520510,354330
1085,",",PUNCT,2593208677638477497,324994,me,PRON,18197037023634208128,354330
1086,incredible,ADJ,18174770438716680577,324994,gustaron,VERB,8190546181861420453,354330
1087,ideas,NOUN,3601960780694130587,324994,artes,NOUN,15604860080890534770,354330
1088,that,DET,4380130941430378203,324994,las,DET,6526950402091386798,354330
1089,were,AUX,9570894245975188254,324994,y,CONJ,9409450202036847209,354330
1090,always,ADV,17471638809377599778,324994,las,DET,6526950402091386798,354330
1091,percolating,VERB,9707265853712209797,324994,ciencias,NOUN,3502711777541729010,354330
1092,",",PUNCT,2593208677638477497,324994,.,PUNCT,12646065887601541794,354330
1093,and,CCONJ,2283656566040971221,329043,Cuando,SCONJ,15264642694225760754,357330
1094,so,ADV,9781598966686434415,329043,luego,ADV,4526122816444084130,359330
1095,much,ADJ,1935074700818135162,329043,niña,NOUN,14296515436416493542,357330
1096,of,ADP,886050111519832510,329043,y,CONJ,9409450202036847209,359330
1097,what,PRON,5865838185239622912,329043,me,PRON,18197037023634208128,361330
1098,'s,AUX,16428057658620181782,329043,era,AUX,7478797442728669872,357330
1099,cool,ADJ,16540862642162215401,329043,cuando,SCONJ,10847943810515898149,359330
1100,or,CCONJ,3740602843040177340,329043,gustaba,VERB,11762735374565986193,361330
1101,hot,ADJ,1591833895274539112,329043,",",PUNCT,2593208677638477497,359330
1102,today,NOUN,11042482332948150395,329043,adolescente,NOUN,4861392401187220464,359330
1103,is,AUX,3411606890003347522,332105,era,AUX,7478797442728669872,359330
1104,really,ADV,14653600329166397554,332105,diseñar,VERB,8750995018877909367,361330
1105,based,VERB,13565241290225188665,332105,hacer,VERB,17672920047749692400,361330
1106,on,ADP,5640369432778651323,332105,y,CONJ,9409450202036847209,361330
1107,some,DET,7000492816108906599,332105,ropa,NOUN,10450610493398575672,361330
1108,of,ADP,886050111519832510,332105,para,ADP,17491956544424926374,361330
1109,those,DET,5224941539530611462,332105,y,CONJ,9409450202036847209,363330
1110,concepts,NOUN,8450416960114449038,332105,perros,NOUN,7757392676982532994,361330
1111,",",PUNCT,2593208677638477497,332105,.,PUNCT,12646065887601541794,363330
1112,whether,SCONJ,4099315622432746663,334177,de,ADP,11144093025662894627,363330
1113,it,PRON,10239237003504588839,334177,diseñadora,NOUN,17588653062738488564,363330
1114,'s,AUX,16428057658620181782,334177,ser,AUX,940341820454552972,363330
1115,people,NOUN,7593739049417968140,334177,modas,NOUN,633571753801525017,363330
1116,trying,VERB,5386905846056786656,334177,quería,VERB,9694205093660223910,363330
1117,to,PART,3791531372978436496,334177,arte,NOUN,4103457093953722605,365330
1118,use,VERB,6873750497785110593,334177,encantaba,VERB,7034048547973322611,365330
1119,the,DET,7425985699627899538,334177,y,CONJ,9409450202036847209,365330
1120,Prime,PROPN,18442505868277276158,334177,cerámica,ADJ,4803464394884274272,365330
1121,Directive,PROPN,1111358804419228551,334177,Estudié,PROPN,5857122195298824984,365330
1122,from,ADP,7831658034963690409,334177,Me,PRON,17688641098104964042,365330
1123,Star,PROPN,14602994819721948614,334177,Lola,PROPN,16944457464359642884,368330
1124,Trek,PROPN,17944108875402847331,334177,Falana,PROPN,3578890161285051251,368330
1125,",",PUNCT,2593208677638477497,334177,.,PUNCT,12646065887601541794,365330
1126,being,AUX,3899131925553995529,337741,.,PUNCT,12646065887601541794,365330
1127,involved,VERB,16516520583231350447,337741,bailar,VERB,7064658625141260121,365330
1128,in,ADP,3002984154512732771,337741,Ailey,PROPN,17618747918555690299,368330
1129,things,NOUN,3586418546468265269,337741,Alvin,PROPN,9130464218385049725,368330
1130,",",PUNCT,2593208677638477497,337741,.,PUNCT,12646065887601541794,368330
1131,or,CCONJ,3740602843040177340,339612,Jerome,PROPN,2641294520594529725,368330
1132,",",PUNCT,2593208677638477497,339612,.,PUNCT,12646065887601541794,368330
1133,again,ADV,4502205900248518970,339612,También,ADV,4730831994135206183,372330
1134,",",PUNCT,2593208677638477497,339612,.,PUNCT,12646065887601541794,368330
1135,that,SCONJ,4380130941430378203,339612,Robbins,PROPN,12511320069851420969,368330
1136,three,NUM,8241648526530492509,339612,seguí,VERB,12972125683840643770,372330
1137,-,PUNCT,9153284864653046197,339612,ávidamente,ADV,16460654785358997406,372330
1138,dimensional,ADJ,15896261810345187620,339612,los,DET,7307884290799599686,372330
1139,weaving,NOUN,17826781228244812565,339612,programas,NOUN,2016052751872218994,372330
1140,and,CCONJ,2283656566040971221,339612,Géminis,PROPN,9499878903773586633,374330
1141,fax,NOUN,7993799438358599552,339612,y,CONJ,9409450202036847209,374330
1142,machines,NOUN,14852171828751526697,339612,proyectos,NOUN,15083090771591438763,377330
1143,that,SCONJ,4380130941430378203,342702,Apolo,PROPN,1818426850271229765,374330
1144,I,PRON,4690420944186131903,342702,.,PUNCT,12646065887601541794,374330
1145,read,VERB,11792590063656742891,342702,Tuve,VERB,13731756916339886473,377330
1146,about,ADP,942632335873952620,342702,de,ADP,11144093025662894627,377330
1147,in,ADP,3002984154512732771,342702,y,CONJ,9409450202036847209,377330
1148,my,DET,227504873216781231,342702,leí,VERB,2026775254113047604,377330
1149,weekly,ADJ,2947467954143153801,342702,científicos,ADJ,9068354635756926713,377330
1150,readers,NOUN,7959701301550952986,342702,toneladas,NOUN,11340094299081264578,377330
1151,that,SCONJ,4380130941430378203,344584,libros,NOUN,9184991633089717874,377330
1152,the,DET,7425985699627899538,344584,de,ADP,11144093025662894627,377330
1153,technology,NOUN,1740049878576065363,344584,astronomía,NOUN,3915348796311346106,379330
1154,and,CCONJ,2283656566040971221,344584,.,PUNCT,12646065887601541794,379330
1155,engineering,NOUN,5835438034023771766,344584,cursos,NOUN,6806247338752998261,379330
1156,was,AUX,9921686513378912864,344584,de,ADP,11144093025662894627,379330
1157,just,ADV,7148522813498185515,344584,También,ADV,4730831994135206183,379330
1158,getting,VERB,1385318218384692368,344584,tomé,VERB,16516812109621657738,379330
1159,started,VERB,17976686883172633439,344584,cálculo,NOUN,8185143645647920125,379330
1160,.,PUNCT,12646065887601541794,344584,.,PUNCT,12646065887601541794,379330
1161,But,CCONJ,18004243461113809161,347535,y,CONJ,9409450202036847209,379330
1162,the,DET,7425985699627899538,347535,acerca,ADV,4355306406960221317,381330
1163,',NOUN,11221368173670222813,347535,filosofía,NOUN,9107160351437058120,379330
1164,60s,NOUN,7597356026394865070,347535,preguntas,NOUN,7395204174967875157,381330
1165,left,VERB,4003250512168697582,347535,hacía,VERB,16276679430589595624,381330
1166,me,PRON,18197037023634208128,347535,Me,PRON,17688641098104964042,381330
1167,with,ADP,12510949447758279278,347535,del,ADP,14178434899903659559,381330
1168,a,DET,11901859001352538922,347535,la,DET,6804705863737483857,383330
1169,problem,NOUN,4473158105997569131,347535,infinito,NOUN,5891002351002804127,381330
1170,.,PUNCT,12646065887601541794,347535,y,CONJ,9409450202036847209,383330
1171,You,PRON,4678963469726251353,349315,de,ADP,11144093025662894627,383330
1172,see,VERB,11925638236994514241,349315,teoría,NOUN,11724589544347588635,383330
1173,",",PUNCT,2593208677638477497,349315,.,PUNCT,12646065887601541794,383330
1174,I,PRON,4690420944186131903,349315,Big,PROPN,11424154495882175203,383330
1175,always,ADV,17471638809377599778,349315,del,ADP,14178434899903659559,383330
1176,assumed,VERB,11040113149918084179,349315,Bang,PROPN,9682829846762193835,383330
1177,I,PRON,4690420944186131903,349315,Cuando,SCONJ,15264642694225760754,385330
1178,would,VERB,6992604926141104606,349315,estuve,AUX,17606641120099201563,385330
1179,go,VERB,8004577259940138793,349315,Stanford,PROPN,5695134016555941247,385330
1180,into,ADP,3278561384161438710,349315,en,ADP,14626626061804382878,385330
1181,space,NOUN,14527154806029863691,349315,año,NOUN,12462213889476236780,387330
1182,",",PUNCT,2593208677638477497,349315,",",PUNCT,2593208677638477497,385330
1183,because,SCONJ,16950148841647037698,353984,en,ADP,14626626061804382878,387330
1184,I,PRON,4690420944186131903,353984,último,ADJ,14999529052226772459,387330
1185,followed,VERB,3601080854613844768,353984,especialicé,VERB,8001424470722863367,387330
1186,all,DET,13409319323822384369,353984,mi,DET,8676063341920465065,387330
1187,of,ADP,886050111519832510,353984,en,ADP,14626626061804382878,389330
1188,this,DET,1995909169258310477,353984,la,DET,6804705863737483857,389330
1189,.,PUNCT,12646065887601541794,353984,",",PUNCT,2593208677638477497,387330
1190,But,CCONJ,18004243461113809161,355674,ingeniería,NOUN,12426777985176237944,389330
1191,I,PRON,4690420944186131903,355674,me,PRON,18197037023634208128,387330
1192,also,ADV,12084876542534825196,355674,química,ADJ,11223120920023792443,389330
1193,loved,VERB,14704622115168303900,355674,pensaba,VERB,3039093883342332679,391330
1194,the,DET,7425985699627899538,355674,la,DET,6804705863737483857,389330
1195,arts,NOUN,10763589500099602820,355674,mitad,NOUN,9158637613291628350,389330
1196,and,CCONJ,2283656566040971221,355674,de,ADP,11144093025662894627,389330
1197,sciences,NOUN,17229130392928749018,355674,gente,NOUN,11998830313806299131,389330
1198,.,PUNCT,12646065887601541794,355674,;,PUNCT,631425121691394544,389330
1199,You,PRON,4678963469726251353,358497,me,PRON,18197037023634208128,391330
1200,see,VERB,11925638236994514241,358497,especializado,VERB,7636643990758841874,391330
1201,",",PUNCT,2593208677638477497,358497,que,SCONJ,11474801393294414462,391330
1202,when,ADV,15807309897752499399,358497,casi,ADV,3261825392838065605,393330
1203,I,PRON,4690420944186131903,358497,ciencia,NOUN,7755546493683470704,391330
1204,was,AUX,9921686513378912864,358497,había,AUX,11746775058755771264,391330
1205,growing,VERB,9913285871213521689,358497,política,ADJ,5500488380130415444,391330
1206,up,ADP,2199259611705938403,358497,en,ADP,14626626061804382878,391330
1207,as,SCONJ,7437575085468336610,358497,y,CONJ,9409450202036847209,391330
1208,a,DET,11901859001352538922,358497,lo,DET,12507729120330568444,393330
1209,little,ADJ,9778055143417507723,358497,escénicas,ADJ,12718459084916012064,393330
1210,girl,NOUN,3995049128985859847,358497,artes,NOUN,15604860080890534770,393330
1211,and,CCONJ,2283656566040971221,358497,era,AUX,7478797442728669872,393330
1212,as,SCONJ,7437575085468336610,358497,pues,SCONJ,7158916556456798928,395330
1213,a,DET,11901859001352538922,358497,la,DET,6804705863737483857,395330
1214,teenager,NOUN,5696077515721901335,358497,verdad,NOUN,7775753967344835232,393330
1215,",",PUNCT,2593208677638477497,358497,",",PUNCT,2593208677638477497,393330
1216,I,PRON,4690420944186131903,361645,que,PRON,11474801393294414462,393330
1217,loved,VERB,14704622115168303900,361645,era,AUX,7478797442728669872,395330
1218,designing,VERB,7839489505613215878,361645,de,ADP,11144093025662894627,395330
1219,and,CCONJ,2283656566040971221,361645,del,ADP,14178434899903659559,395330
1220,making,VERB,200141916689428108,361645,Sindicato,PROPN,1171033014430642074,395330
1221,doll,NOUN,13029007520227655806,361645,presidenta,NOUN,1916368479508409135,395330
1222,clothes,NOUN,587577613238154100,361645,Estudiantes,PROPN,8703917743412000551,395330
1223,and,CCONJ,2283656566040971221,364124,Afroamericanos,PROPN,12741124810204190005,395330
1224,wanting,VERB,2312377831060615315,364124,especialicé,VERB,8001424470722863367,397330
1225,to,PART,3791531372978436496,364124,sí,ADV,12296321025590094647,397330
1226,be,AUX,10382539506755952630,364124,y,CONJ,9409450202036847209,397330
1227,a,DET,11901859001352538922,364124,otras,DET,9467666572440207555,397330
1228,fashion,NOUN,8949829011355095681,364124,en,ADP,14626626061804382878,397330
1229,designer,NOUN,1717920210967147890,364124,cosas,NOUN,399513973913231652,397330
1230,.,PUNCT,12646065887601541794,364124,.,PUNCT,12646065887601541794,397330
1231,I,PRON,4690420944186131903,365939,me,PRON,18197037023634208128,397330
1232,took,VERB,1524062747651706878,365939,Los,DET,8281310487209232694,399330
1233,art,NOUN,3460763187682215441,365939,últimos,ADJ,12954921070491522929,399330
1234,and,CCONJ,2283656566040971221,365939,cuatro,NUM,4394668565864811609,399330
1235,ceramics,NOUN,17716430792429317707,365939,meses,NOUN,9306682263510131333,399330
1236,.,PUNCT,12646065887601541794,365939,",",PUNCT,2593208677638477497,399330
1237,I,PRON,4690420944186131903,367261,me,PRON,18197037023634208128,399330
1238,loved,VERB,14704622115168303900,367261,vi,VERB,5580197388958817490,399330
1239,dance,NOUN,10312753019962100969,367261,malabares,NOUN,3521426294986846431,399330
1240,:,PUNCT,11532473245541075862,367261,haciendo,VERB,13728506546301763949,399330
1241,Lola,PROPN,16944457464359642884,367261,con,ADP,6945313634251781056,401330
1242,Falana,PROPN,3578890161285051251,367261,los,DET,7307884290799599686,401330
1243,",",PUNCT,2593208677638477497,367261,procesos,NOUN,8392965888689779862,401330
1244,Alvin,PROPN,9130464218385049725,367261,de,ADP,11144093025662894627,401330
1245,Ailey,PROPN,17618747918555690299,367261,separación,NOUN,6151769516916508976,401330
1246,",",PUNCT,2593208677638477497,367261,de,ADP,11144093025662894627,401330
1247,Jerome,PROPN,2641294520594529725,367261,la,DET,6804705863737483857,401330
1248,Robbins,PROPN,12511320069851420969,367261,ingeniería,NOUN,12426777985176237944,401330
1249,.,PUNCT,12646065887601541794,367261,",",PUNCT,2593208677638477497,401330
1250,And,CCONJ,12172435438170721471,373442,química,ADJ,11223120920023792443,401330
1251,I,PRON,4690420944186131903,373442,clases,NOUN,4721225565620710672,403330
1252,also,ADV,12084876542534825196,373442,de,ADP,11144093025662894627,403330
1253,avidly,ADV,4538943531864023975,373442,lógica,NOUN,16529000482012243502,403330
1254,followed,VERB,3601080854613844768,373442,",",PUNCT,2593208677638477497,403330
1255,the,DET,7425985699627899538,373442,espectroscopia,ADJ,9413421339418907633,403330
1256,Gemini,PROPN,467140485852497291,373442,de,ADP,11144093025662894627,403330
1257,and,CCONJ,2283656566040971221,373442,y,CONJ,9409450202036847209,405330
1258,the,DET,7425985699627899538,373442,magnética,ADJ,5689111145432562691,403330
1259,Apollo,PROPN,11456366377333428230,373442,nuclear,ADJ,7856404996111361519,405330
1260,programs,NOUN,8907754605662793867,373442,resonancia,NOUN,16181749598085161975,403330
1261,.,PUNCT,12646065887601541794,373442,también,ADV,18236539777431520510,405330
1262,I,PRON,4690420944186131903,377611,la,PRON,6804705863737483857,405330
1263,had,AUX,12960022596163002503,377611,y,CONJ,9409450202036847209,405330
1264,science,NOUN,15907409978124634296,377611,haciendo,VERB,13728506546301763949,405330
1265,projects,NOUN,13592068229117206805,377611,coreografía,NOUN,6646530365663546820,407330
1266,and,CCONJ,2283656566040971221,377611,produciendo,VERB,1513511712337643429,405330
1267,tons,NOUN,17271606772285229643,377611,una,DET,1019041181156623609,407330
1268,of,ADP,886050111519832510,377611,de,ADP,11144093025662894627,407330
1269,astronomy,NOUN,16664831683323690934,377611,producción,NOUN,9504100741826153885,407330
1270,books,NOUN,17837313582142403287,377611,danza,NOUN,7580379035153621203,407330
1271,.,PUNCT,12646065887601541794,377611,.,PUNCT,12646065887601541794,407330
1272,I,PRON,4690420944186131903,381002,de,ADP,11144093025662894627,407330
1273,took,VERB,1524062747651706878,381002,Estaba,AUX,15014901669649451298,409330
1274,calculus,NOUN,2367811181561112180,381002,cargo,NOUN,9481708114279973648,409330
1275,and,CCONJ,2283656566040971221,381002,a,ADP,11901859001352538922,409330
1276,philosophy,NOUN,6837708876254048417,381002,luz,NOUN,4390112325035500097,409330
1277,.,PUNCT,12646065887601541794,381002,de,ADP,11144093025662894627,409330
1278,I,PRON,4690420944186131903,382636,y,CONJ,9409450202036847209,409330
1279,wondered,VERB,14473717724227764939,382636,intentaba,VERB,14450145280516473819,411330
1280,about,ADP,942632335873952620,382636,del,ADP,14178434899903659559,409330
1281,infinity,NOUN,16276013347853868815,382636,diseño,ADJ,1689742004673472932,411330
1282,and,CCONJ,2283656566040971221,382636,e,CONJ,1720370409040345145,411330
1283,the,DET,7425985699627899538,382636,la,DET,6804705863737483857,409330
1284,Big,PROPN,11424154495882175203,382636,Nueva,PROPN,12377269440909859748,414330
1285,Bang,PROPN,9682829846762193835,382636,si,SCONJ,13884469947995795204,411330
1286,theory,NOUN,17143410988197228600,382636,convertirme,NOUN,14478189440380017168,414330
1287,.,PUNCT,12646065887601541794,382636,ir,VERB,11349421989631431936,414330
1288,And,CCONJ,12172435438170721471,386396,a,ADP,11901859001352538922,414330
1289,when,ADV,15807309897752499399,386396,York,PROPN,7898044819112200372,414330
1290,I,PRON,4690420944186131903,386396,para,ADP,17491956544424926374,414330
1291,was,AUX,9921686513378912864,386396,decidir,AUX,13657247938566661854,411330
1292,at,ADP,11667289587015813222,386396,en,ADP,14626626061804382878,414330
1293,Stanford,PROPN,5695134016555941247,386396,una,DET,1019041181156623609,416330
1294,",",PUNCT,2593208677638477497,386396,bailarina,NOUN,709870372350570093,416330
1295,I,PRON,4690420944186131903,386396,profesional,ADJ,4554846245480446732,416330
1296,found,VERB,602335199165703938,386396,ir,VERB,11349421989631431936,418330
1297,myself,PRON,2177690308569554941,386396,o,CONJ,1489474827855109852,418330
1298,",",PUNCT,2593208677638477497,386396,a,ADP,11901859001352538922,418330
1299,my,DET,227504873216781231,386396,la,DET,6804705863737483857,418330
1300,senior,ADJ,17934676104927248284,386396,de,ADP,11144093025662894627,418330
1301,year,NOUN,14889849580704678361,386396,medicina,NOUN,4336550129293835865,418330
1302,",",PUNCT,2593208677638477497,386396,.,PUNCT,12646065887601541794,418330
1303,chemical,PROPN,8545181597150761964,389627,facultad,PROPN,14007190863366182733,418330
1304,engineering,PROPN,5835438034023771766,389627,ayudó,VERB,104909492690066591,421330
1305,major,NOUN,8334407161178086546,389627,madre,NOUN,10512109315562786158,421330
1306,",",PUNCT,2593208677638477497,389627,(,PUNCT,12638816674900267446,423330
1307,half,DET,11367834210198928698,390957,Mi,DET,16281271840332988529,421330
1308,the,DET,7425985699627899538,390957,a,ADP,11901859001352538922,421330
1309,folks,NOUN,207445740319315969,390957,decisión,NOUN,18186723245797170448,423330
1310,thought,VERB,9169342766156091463,390957,tomar,VERB,4653034684951104091,421330
1311,I,PRON,4690420944186131903,390957,me,PRON,18197037023634208128,421330
1312,was,AUX,9921686513378912864,390957,.,PUNCT,12646065887601541794,423330
1313,a,DET,11901859001352538922,390957,esa,DET,12150002208949237779,423330
1314,political,ADJ,9567566283787582894,390957,Risas,PROPN,1052418954792767806,423330
1315,science,NOUN,15907409978124634296,390957,),PUNCT,3842344029291005339,423330
1316,and,CCONJ,2283656566040971221,390957,Pero,CONJ,3012608552889114327,426330
1317,performing,VERB,10091111836487922764,390957,cuando,SCONJ,10847943810515898149,426330
1318,arts,NOUN,10763589500099602820,390957,espacio,NOUN,794562246875068945,426330
1319,major,ADJ,8334407161178086546,390957,al,ADP,8222700718889469974,426330
1320,",",PUNCT,2593208677638477497,390957,",",PUNCT,2593208677638477497,426330
1321,which,DET,7063653163634019529,394513,varias,DET,17295091404336203784,428330
1322,was,AUX,9921686513378912864,394513,fui,AUX,11515670327260346786,426330
1323,sort,ADV,2944576840756700711,394513,llevé,VERB,8998533080591625800,428330
1324,of,ADV,886050111519832510,394513,cosas,NOUN,399513973913231652,428330
1325,true,ADJ,7434368892455186804,394513,conmigo,PRON,14211479878505843858,430330
1326,",",PUNCT,2593208677638477497,394513,.,PUNCT,12646065887601541794,430330
1327,because,SCONJ,16950148841647037698,394513,llevé,VERB,8998533080591625800,430330
1328,I,PRON,4690420944186131903,394513,Me,PRON,17688641098104964042,430330
1329,was,AUX,9921686513378912864,394513,un,DET,12188161997964598936,430330
1330,Black,PROPN,8586368155987542876,394513,cartel,NOUN,11294074168592497116,430330
1331,Student,PROPN,13365399010357830980,394513,de,ADP,11144093025662894627,432330
1332,Union,PROPN,13499174131772183049,394513,Alvin,PROPN,9130464218385049725,432330
1333,President,PROPN,14852564058682521353,394513,Ailey,PROPN,17618747918555690299,432330
1334,",",PUNCT,2593208677638477497,394513,;,PUNCT,631425121691394544,432330
1335,and,CCONJ,2283656566040971221,397776,ya,ADV,7831648150548777939,432330
1336,I,PRON,4690420944186131903,397776,se,PRON,9839690450034771972,432330
1337,did,AUX,13583488448875926965,397776,pueden,AUX,3596555404309920769,432330
1338,major,VERB,8334407161178086546,397776,dar,VERB,3476482575950729294,432330
1339,in,ADP,3002984154512732771,397776,de,ADP,11144093025662894627,434330
1340,some,DET,7000492816108906599,397776,la,DET,6804705863737483857,434330
1341,other,ADJ,1176656782636220709,397776,",",PUNCT,2593208677638477497,432330
1342,things,NOUN,3586418546468265269,397776,cuenta,NOUN,3545150841059450590,432330
1343,.,PUNCT,12646065887601541794,397776,.,PUNCT,12646065887601541794,434330
1344,And,CCONJ,12172435438170721471,399577,compañía,NOUN,3483509477089566242,434330
1345,I,PRON,4690420944186131903,399577,me,PRON,18197037023634208128,434330
1346,found,VERB,602335199165703938,399577,encanta,VERB,10222295095965005079,434330
1347,myself,PRON,2177690308569554941,399577,cual,PRON,7565172673427434311,436330
1348,the,DET,7425985699627899538,399577,Un,DET,362773788461399393,436330
1349,last,ADJ,10321518907502812892,399577,de,ADP,11144093025662894627,436330
1350,quarter,NOUN,739118473499405117,399577,cartel,NOUN,11294074168592497116,436330
1351,juggling,VERB,2100036484980200829,401285,Alvin,PROPN,9130464218385049725,436330
1352,chemical,PROPN,8545181597150761964,401285,Ailey,PROPN,17618747918555690299,436330
1353,engineering,NOUN,5835438034023771766,401285,danza,NOUN,7580379035153621203,434330
1354,separation,NOUN,10438043090477811618,401285,en,ADP,14626626061804382878,436330
1355,processes,NOUN,2329187326147364143,401285,el,DET,11488171005156075516,436330
1356,",",PUNCT,2593208677638477497,401285,",",PUNCT,2593208677638477497,436330
1357,logic,NOUN,9471218585867826525,403714,Judith,PROPN,17030647290148451541,436330
1358,classes,NOUN,4806927495248182449,403714,Jamison,PROPN,1708552331191238795,436330
1359,",",PUNCT,2593208677638477497,403714,"""",PUNCT,15884554869126768810,438330
1360,nuclear,ADJ,7856404996111361519,403714,bailaba,VERB,14830393997508674200,438330
1361,magnetic,ADJ,2776355729302838858,403714,dedicado,ADJ,3238291884702664757,438330
1362,resonance,NOUN,9320093679226970524,403714,"""",PUNCT,15884554869126768810,438330
1363,spectroscopy,NOUN,11875718248234196917,403714,Cry,PROPN,10745177110836119925,438330
1364,",",PUNCT,2593208677638477497,403714,",",PUNCT,2593208677638477497,438330
1365,and,CCONJ,2283656566040971221,406916,a,ADP,11901859001352538922,438330
1366,also,ADV,12084876542534825196,406916,todas,DET,16541400954320993806,438330
1367,producing,VERB,3081175635566366546,406916,las,DET,6526950402091386798,438330
1368,and,CCONJ,2283656566040971221,406916,afroamericanas,ADJ,13326004115280940279,438330
1369,choreographing,VERB,3004738643071814167,406916,de,ADP,11144093025662894627,440330
1370,a,DET,11901859001352538922,406916,todas,DET,16541400954320993806,440330
1371,dance,NOUN,10312753019962100969,406916,mujeres,NOUN,6031852908672387504,438330
1372,production,NOUN,2074510144522970299,406916,partes,NOUN,7461009288795324242,440330
1373,.,PUNCT,12646065887601541794,406916,.,PUNCT,12646065887601541794,440330
1374,And,CCONJ,12172435438170721471,411010,Una,DET,8368038198201676205,440330
1375,I,PRON,4690420944186131903,411010,estatua,NOUN,7061400242683764076,440330
1376,had,AUX,12960022596163002503,411010,de,ADP,11144093025662894627,440330
1377,to,PART,3791531372978436496,411010,Bundu,PROPN,17831081334885096703,440330
1378,do,AUX,2158845516055552166,411010,de,ADP,11144093025662894627,442330
1379,the,DET,7425985699627899538,411010,la,DET,6804705863737483857,442330
1380,lighting,NOUN,4816460510960429481,411010,Sociedad,PROPN,544409460626661146,442330
1381,and,CCONJ,2283656566040971221,411010,de,ADP,11144093025662894627,442330
1382,the,DET,7425985699627899538,411010,Mujeres,PROPN,11181319740314021164,442330
1383,design,NOUN,4105053907530138126,411010,de,ADP,11144093025662894627,442330
1384,work,NOUN,10038440415813069799,411010,Sierra,PROPN,6359749774298144307,442330
1385,",",PUNCT,2593208677638477497,411010,Leona,PROPN,16758405822706780000,442330
1386,and,CCONJ,2283656566040971221,413614,y,CONJ,9409450202036847209,442330
1387,I,PRON,4690420944186131903,413614,un,DET,12188161997964598936,444330
1388,was,AUX,9921686513378912864,413614,certificado,NOUN,6774196089398341465,444330
1389,trying,VERB,5386905846056786656,413614,para,ADP,17491956544424926374,444330
1390,to,PART,3791531372978436496,413614,que,SCONJ,11474801393294414462,444330
1391,figure,VERB,13707025353810924047,413614,los,DET,7307884290799599686,444330
1392,out,ADP,1696981056005371314,413614,de,ADP,11144093025662894627,446330
1393,:,PUNCT,11532473245541075862,413614,estudiantes,NOUN,16394443896911518154,446330
1394,Do,AUX,10951603910464382420,415922,las,DET,6526950402091386798,446330
1395,I,PRON,4690420944186131903,415922,escuelas,NOUN,7135378136309451941,446330
1396,go,VERB,8004577259940138793,415922,trabajaran,VERB,4444962424940874707,448330
1397,to,ADP,3791531372978436496,415922,de,ADP,11144093025662894627,446330
1398,New,PROPN,7503827727184870577,415922,Chicago,PROPN,3767271857074311788,446330
1399,York,PROPN,7898044819112200372,415922,públicas,ADJ,8514816302613458772,446330
1400,City,PROPN,728339108046626067,415922,para,ADP,17491956544424926374,448330
1401,to,PART,3791531372978436496,415922,sus,DET,11087495102510657763,448330
1402,try,VERB,4812066089261065646,415922,mejorar,VERB,7136969154105419067,448330
1403,to,PART,3791531372978436496,415922,matemáticas,ADJ,2676927223687300773,448330
1404,become,VERB,12558846041070486771,415922,y,CONJ,9409450202036847209,448330
1405,a,DET,11901859001352538922,415922,La,DET,6239908149323985340,450330
1406,professional,ADJ,1628340908579922823,415922,científicas,ADJ,8644787009422184202,448330
1407,dancer,NOUN,3637084077466749397,415922,habilidades,NOUN,8690017966128655976,448330
1408,",",PUNCT,2593208677638477497,415922,.,PUNCT,12646065887601541794,448330
1409,or,CCONJ,3740602843040177340,419181,:,PUNCT,11532473245541075862,450330
1410,to,PART,3791531372978436496,419181,me,PRON,18197037023634208128,450330
1411,go,VERB,8004577259940138793,419181,preguntaba,VERB,466964857665084183,450330
1412,to,ADP,3791531372978436496,419181,Por,ADP,623830814368950614,452330
1413,medical,ADJ,10039723232229819975,419181,"""",PUNCT,15884554869126768810,452330
1414,school,NOUN,13293160603192985325,419181,gente,NOUN,11998830313806299131,450330
1415,?,PUNCT,8205403955989537350,419181,¿,PUNCT,3095673970880011110,452330
1416,Now,ADV,13923566239961886281,420863,qué,PRON,2438889091638947136,452330
1417,",",PUNCT,2593208677638477497,420863,?,PUNCT,8205403955989537350,452330
1418,my,DET,227504873216781231,420863,esos,DET,5973194276814933277,452330
1419,mother,NOUN,7963322251145911254,420863,cursos,NOUN,6806247338752998261,452330
1420,helped,VERB,13367314321634499193,420863,tomó,VERB,15274977929225699295,452330
1421,me,PRON,18197037023634208128,420863,"""",PUNCT,15884554869126768810,452330
1422,figure,VERB,13707025353810924047,420863,respondía,VERB,4155037924530354410,454330
1423,that,SCONJ,4380130941430378203,420863,Porque,SCONJ,1494708899001105432,456330
1424,one,PRON,17454115351911680600,420863,yo,PRON,8387856443177761115,454330
1425,out,ADP,1696981056005371314,420863,Y,CONJ,16961793518281001049,454330
1426,.,PUNCT,12646065887601541794,420863,"""",PUNCT,15884554869126768810,456330
1427,(,PUNCT,12638816674900267446,423124,",",PUNCT,2593208677638477497,454330
1428,Laughter,PROPN,9911806888783028371,423124,la,DET,6804705863737483857,456330
1429,),PUNCT,3842344029291005339,423124,",",PUNCT,2593208677638477497,456330
1430,But,CCONJ,18004243461113809161,426243,creatividad,NOUN,12999371437292217415,456330
1431,when,ADV,15807309897752499399,426243,humana,ADJ,11527463316918056558,456330
1432,I,PRON,4690420944186131903,426243,que,PRON,11474801393294414462,458330
1433,went,VERB,6077427682057990751,426243,representan,VERB,16477782653594226020,456330
1434,into,ADP,3278561384161438710,426243,la,DET,6804705863737483857,458330
1435,space,NOUN,14527154806029863691,426243,creatividad,NOUN,12999371437292217415,458330
1436,",",PUNCT,2593208677638477497,426243,",",PUNCT,2593208677638477497,458330
1437,I,PRON,4690420944186131903,426243,nos,PRON,6968452539944589995,458330
1438,carried,VERB,15221657197191307795,426243,permite,VERB,17593434228953285536,458330
1439,a,DET,11901859001352538922,426243,que,SCONJ,11474801393294414462,458330
1440,number,NOUN,432,426243,debemos,AUX,483227938760077305,458330
1441,of,ADP,886050111519832510,426243,para,ADP,17491956544424926374,460330
1442,things,NOUN,3586418546468265269,426243,tener,VERB,9273468649798460046,458330
1443,up,ADP,2199259611705938403,426243,concebir,VERB,7586283967348473986,460330
1444,with,ADP,12510949447758279278,426243,y,CONJ,9409450202036847209,460330
1445,me,PRON,18197037023634208128,426243,construir,VERB,7603118343443357255,460330
1446,.,PUNCT,12646065887601541794,426243,",",PUNCT,2593208677638477497,460330
1447,I,PRON,4690420944186131903,430921,espacial,ADJ,4804165177555194554,462330
1448,carried,VERB,15221657197191307795,430921,lanzar,VERB,17125007424974789525,462330
1449,a,DET,11901859001352538922,430921,la,DET,6804705863737483857,462330
1450,poster,NOUN,9115870154057839565,430921,nave,NOUN,17339355895656774544,462330
1451,by,ADP,16764210730586636600,430921,de,ADP,11144093025662894627,462330
1452,Alvin,PROPN,9130464218385049725,430921,la,DET,6804705863737483857,462330
1453,Ailey,PROPN,17618747918555690299,430921,creatividad,NOUN,12999371437292217415,462330
1454,--,PUNCT,10501404726543969396,430921,",",PUNCT,2593208677638477497,462330
1455,you,PRON,7624161793554793053,432723,que,PRON,11474801393294414462,462330
1456,can,VERB,6635067063807956629,432723,brota,VERB,10994782459429591555,462330
1457,figure,VERB,13707025353810924047,432723,la,DET,6804705863737483857,465330
1458,out,ADP,1696981056005371314,432723,misma,DET,6359451746338806667,465330
1459,now,ADV,17157488710739566268,432723,fuente,NOUN,1797578532566292999,465330
1460,",",PUNCT,2593208677638477497,432723,que,SCONJ,11474801393294414462,465330
1461,I,PRON,4690420944186131903,432723,la,DET,6804705863737483857,465330
1462,love,VERB,3702023516439754181,432723,y,CONJ,9409450202036847209,465330
1463,the,DET,7425985699627899538,432723,el,DET,11488171005156075516,467330
1464,dance,NOUN,10312753019962100969,432723,imaginación,NOUN,11084556661997663619,465330
1465,company,NOUN,6905553075311563409,432723,análisis,NOUN,4679595348338965911,467330
1466,--,PUNCT,10501404726543969396,432723,necesarios,ADJ,3504391103139372089,467330
1467,an,DET,15099054000809333061,435190,la,DET,6804705863737483857,467330
1468,Alvin,PROPN,9130464218385049725,435190,esculpir,VERB,3844483906130994675,467330
1469,Ailey,PROPN,17618747918555690299,435190,Bundu,PROPN,17831081334885096703,467330
1470,poster,NOUN,9115870154057839565,435190,estatua,NOUN,7061400242683764076,467330
1471,of,ADP,886050111519832510,435190,para,ADP,17491956544424926374,467330
1472,Judith,PROPN,17030647290148451541,435190,.,PUNCT,12646065887601541794,467330
1473,Jamison,PROPN,1708552331191238795,435190,O,CONJ,17427324969254097257,470330
1474,performing,VERB,10091111836487922764,435190,diseñar,VERB,8750995018877909367,470330
1475,the,DET,7425985699627899538,435190,el,DET,11488171005156075516,470330
1476,dance,NOUN,10312753019962100969,435190,ingenio,NOUN,5326146658412911847,470330
1477,"""",PUNCT,15884554869126768810,435190,para,ADP,17491956544424926374,470330
1478,Cry,NOUN,10745177110836119925,435190,escena,NOUN,10627531537249637568,473330
1479,",",PUNCT,2593208677638477497,435190,",",PUNCT,2593208677638477497,470330
1480,"""",PUNCT,15884554869126768810,435190,y,CONJ,9409450202036847209,473330
1481,dedicated,VERB,16539447307374229163,438594,poner,VERB,14108068471380808211,473330
1482,to,ADP,3791531372978436496,438594,en,ADP,14626626061804382878,473330
1483,all,DET,13409319323822384369,438594,la,DET,6804705863737483857,473330
1484,black,ADJ,6088217638129078516,438594,necesario,ADJ,15172370701945846290,470330
1485,women,NOUN,5415290552571890316,438594,coreografía,NOUN,6646530365663546820,473330
1486,everywhere,ADV,10957650314384693728,438594,de,ADP,11144093025662894627,473330
1487,;,PUNCT,631425121691394544,438594,"""",PUNCT,15884554869126768810,473330
1488,a,DET,11901859001352538922,440655,Cada,DET,11514517510091489081,476330
1489,Bundu,PROPN,17831081334885096703,440655,Cry,PROPN,10745177110836119925,473330
1490,statue,NOUN,7926728699426431008,440655,"""",PUNCT,15884554869126768810,473330
1491,",",PUNCT,2593208677638477497,440655,.,PUNCT,12646065887601541794,473330
1492,which,DET,7063653163634019529,440655,uno,PRON,8171375619591740969,476330
1493,was,AUX,9921686513378912864,440655,son,AUX,2555790282192608669,476330
1494,from,ADP,7831658034963690409,440655,de,ADP,11144093025662894627,476330
1495,the,DET,7425985699627899538,440655,ellos,PRON,4156363711017915908,476330
1496,women,NOUN,5415290552571890316,440655,manifestaciones,NOUN,7242917206626315590,476330
1497,'s,PART,16428057658620181782,440655,",",PUNCT,2593208677638477497,476330
1498,society,NOUN,6115211683563355926,440655,encarnaciones,NOUN,5277598186531750609,478330
1499,in,ADP,3002984154512732771,440655,de,ADP,11144093025662894627,478330
1500,Sierra,PROPN,6359749774298144307,440655,diferentes,ADJ,9639905295576268808,478330
1501,Leone,PROPN,8426945973986146875,440655,creatividad,NOUN,12999371437292217415,478330
1502,;,PUNCT,631425121691394544,440655,",",PUNCT,2593208677638477497,478330
1503,and,CCONJ,2283656566040971221,444418,avatares,ADJ,17455887803197586245,481330
1504,a,DET,11901859001352538922,444418,la,DET,6804705863737483857,478330
1505,certificate,NOUN,9661689070852644256,444418,creatividad,NOUN,12999371437292217415,481330
1506,for,ADP,16037325823156266367,444418,de,ADP,11144093025662894627,481330
1507,the,DET,7425985699627899538,444418,la,DET,6804705863737483857,481330
1508,Chicago,PROPN,3767271857074311788,444418,humana,ADJ,11527463316918056558,481330
1509,Public,PROPN,6171839206055514097,444418,",",PUNCT,2593208677638477497,481330
1510,School,PROPN,7456905267358575394,444418,y,CONJ,9409450202036847209,484330
1511,students,NOUN,7876819095232981007,444418,eso,PRON,12716495710533357957,484330
1512,to,PART,3791531372978436496,447081,es,AUX,10343076919720641053,484330
1513,work,VERB,10038440415813069799,447081,debemos,AUX,483227938760077305,484330
1514,to,PART,3791531372978436496,447081,que,PRON,11474801393294414462,484330
1515,improve,VERB,4687493659934148016,447081,reconciliar,VERB,16964011815478215134,484330
1516,their,DET,4244585616942201722,447081,lo,DET,12507729120330568444,484330
1517,science,NOUN,15907409978124634296,447081,en,ADP,14626626061804382878,486330
1518,and,CCONJ,2283656566040971221,447081,nuestras,DET,6679197797458482381,486330
1519,math,NOUN,17476791245306261630,447081,mentes,NOUN,16281305756593660317,486330
1520,.,PUNCT,12646065887601541794,447081,",",PUNCT,2593208677638477497,486330
1521,And,CCONJ,12172435438170721471,450919,estas,DET,16010204526465958382,486330
1522,folks,NOUN,207445740319315969,450919,cosas,NOUN,399513973913231652,486330
1523,asked,VERB,16606816274036414542,450919,encajar,VERB,7637985783463528231,486330
1524,me,PRON,18197037023634208128,450919,cómo,PRON,8106224997027377807,486330
1525,",",PUNCT,2593208677638477497,450919,juntas,ADJ,15162102785166197983,486330
1526,"""",PUNCT,15884554869126768810,452816,.,PUNCT,12646065887601541794,486330
1527,Why,ADV,3341772144230116515,452816,La,DET,6239908149323985340,488330
1528,did,AUX,13583488448875926965,452816,pueden,AUX,3596555404309920769,486330
1529,you,PRON,7624161793554793053,452816,diferencia,NOUN,824821153802259946,488330
1530,take,VERB,6789454535283781228,452816,las,DET,6526950402091386798,488330
1531,up,ADP,2199259611705938403,452816,entre,ADP,13518256460832573697,488330
1532,what,PRON,5865838185239622912,452816,artes,NOUN,15604860080890534770,488330
1533,you,PRON,7624161793554793053,452816,y,CONJ,9409450202036847209,488330
1534,took,VERB,1524062747651706878,452816,las,DET,6526950402091386798,488330
1535,up,ADP,2199259611705938403,452816,ciencias,NOUN,3502711777541729010,488330
1536,?,PUNCT,8205403955989537350,452816,no,ADV,13055779130471031426,490330
1537,"""",PUNCT,15884554869126768810,452816,",",PUNCT,2593208677638477497,490330
1538,And,CCONJ,12172435438170721471,455705,analítica,PROPN,1157996714134212377,490330
1539,I,PRON,4690420944186131903,455705,versus,PROPN,12572669883717445193,490330
1540,had,AUX,12960022596163002503,455705,es,AUX,10343076919720641053,490330
1541,to,PART,3791531372978436496,455705,intuitiva,PROPN,2776602568312083741,490330
1542,say,VERB,8685289367999165211,455705,cierto,ADJ,7125988886725757465,490330
1543,",",PUNCT,2593208677638477497,455705,¿,PUNCT,3095673970880011110,490330
1544,"""",PUNCT,15884554869126768810,456887,?,PUNCT,8205403955989537350,490330
1545,Because,SCONJ,7282171399268585372,456887,E,CONJ,9391737413944127320,493330
1546,it,PRON,10239237003504588839,456887,MC,PROPN,12567782340709316140,493330
1547,represents,VERB,15436877995175585985,456887,requería,VERB,6232583804333771451,493330
1548,human,ADJ,5674190450704392893,456887,al,ADP,8222700718889469974,493330
1549,creativity,NOUN,12108157142775659947,456887,cuadrado,NOUN,5350492706693122415,493330
1550,;,PUNCT,631425121691394544,456887,=,PUNCT,11162055469987148383,493330
1551,the,DET,7425985699627899538,459464,un,DET,12188161997964598936,496330
1552,creativity,NOUN,12108157142775659947,459464,salto,NOUN,1279663298072311114,496330
1553,that,DET,4380130941430378203,459464,intuitivo,ADJ,2564808258650287408,496330
1554,allowed,VERB,1671592562942695594,459464,y,CONJ,9409450202036847209,496330
1555,us,PRON,4950757572332304006,459464,entonces,ADV,2260322170557434109,496330
1556,",",PUNCT,2593208677638477497,459464,después,ADV,5778971408161131544,496330
1557,that,SCONJ,4380130941430378203,461935,que,SCONJ,11474801393294414462,496330
1558,we,PRON,16064069575701507746,461935,se,PRON,9839690450034771972,496330
1559,were,AUX,9570894245975188254,461935,tenía,VERB,9004033731572856802,496330
1560,required,VERB,2757536088714772928,461935,hacer,VERB,17672920047749692400,498330
1561,to,PART,3791531372978436496,461935,el,DET,11488171005156075516,498330
1562,have,AUX,14692702688101715474,461935,análisis,NOUN,4679595348338965911,498330
1563,to,PART,3791531372978436496,461935,.,PUNCT,12646065887601541794,498330
1564,conceive,VERB,7979278925406841641,461935,dijo,VERB,8367545516374751326,500330
1565,and,CCONJ,2283656566040971221,461935,Einstein,PROPN,18171558317586024262,500330
1566,build,VERB,15542623189494043735,461935,",",PUNCT,2593208677638477497,500330
1567,and,CCONJ,2283656566040971221,461935,de,ADP,11144093025662894627,500330
1568,launch,VERB,1882817931903534611,461935,podemos,VERB,8521574907144439556,500330
1569,the,DET,7425985699627899538,464885,",",PUNCT,2593208677638477497,500330
1570,space,NOUN,14527154806029863691,464885,hecho,NOUN,12144731232849489260,500330
1571,shuttle,NOUN,8053403189179670421,464885,más,ADV,13805553149795463782,500330
1572,",",PUNCT,2593208677638477497,464885,"""",PUNCT,15884554869126768810,500330
1573,which,DET,7063653163634019529,466075,Lo,DET,3892584616005055440,500330
1574,springs,NOUN,17255211513513838610,466075,bello,ADJ,9821865621596011261,500330
1575,from,ADP,7831658034963690409,466075,experimentar,VERB,3453474260790189994,502330
1576,the,DET,7425985699627899538,466075,lo,DET,12507729120330568444,502330
1577,same,ADJ,7488871353255107396,466075,misterioso,ADJ,17711745696740136068,502330
1578,source,NOUN,9032917268300750242,466075,es,AUX,10343076919720641053,502330
1579,as,SCONJ,7437575085468336610,466075,que,SCONJ,11474801393294414462,500330
1580,the,DET,7425985699627899538,466075,la,DET,6804705863737483857,505330
1581,imagination,NOUN,9079753505417501987,466075,Es,AUX,13491050862432847103,505330
1582,and,CCONJ,2283656566040971221,466075,.,PUNCT,12646065887601541794,502330
1583,analysis,NOUN,5753914399162559562,466075,fuente,NOUN,1797578532566292999,505330
1584,that,SCONJ,4380130941430378203,469207,de,ADP,11144093025662894627,505330
1585,it,PRON,10239237003504588839,469207,todo,DET,1039296168925561739,505330
1586,took,VERB,1524062747651706878,469207,arte,NOUN,4103457093953722605,505330
1587,to,PART,3791531372978436496,469207,y,CONJ,9409450202036847209,505330
1588,carve,VERB,1417712707549470781,469207,pide,VERB,4748712717978162350,508330
1589,a,DET,11901859001352538922,469207,verdaderos,ADJ,10737367625032258354,505330
1590,Bundu,PROPN,17831081334885096703,469207,"""",PUNCT,15884554869126768810,505330
1591,statue,NOUN,7926728699426431008,469207,ciencia,NOUN,7755546493683470704,505330
1592,",",PUNCT,2593208677638477497,469207,.,PUNCT,12646065887601541794,505330
1593,or,CCONJ,3740602843040177340,471328,que,SCONJ,11474801393294414462,508330
1594,the,DET,7425985699627899538,471328,La,DET,6239908149323985340,508330
1595,ingenuity,NOUN,6309617539516521249,471328,danza,NOUN,7580379035153621203,508330
1596,it,PRON,10239237003504588839,471328,nos,PRON,6968452539944589995,508330
1597,took,VERB,1524062747651706878,471328,expresemos,VERB,676440771300701578,508330
1598,to,PART,3791531372978436496,471328,y,CONJ,9409450202036847209,508330
1599,design,VERB,4105053907530138126,471328,queramos,VERB,15949430801189898372,508330
1600,",",PUNCT,2593208677638477497,471328,que,SCONJ,11474801393294414462,508330
1601,choreograph,ADJ,9655008293533724839,471328,expresar,VERB,2189684160555145591,510330
1602,and,CCONJ,2283656566040971221,471328,el,DET,11488171005156075516,510330
1603,stage,NOUN,8764522039650230071,471328,júbilo,NOUN,13669695621185854587,510330
1604,"""",PUNCT,15884554869126768810,471328,de,ADP,11144093025662894627,510330
1605,Cry,PROPN,10745177110836119925,471328,Ud.,PROPN,1404373474500892445,512330
1606,.,PUNCT,12646065887601541794,471328,pero,CONJ,4949779210556390094,510330
1607,"""",PUNCT,15884554869126768810,471328,",",PUNCT,2593208677638477497,510330
1608,Each,DET,16762278734495624186,477120,la,DET,6804705863737483857,510330
1609,one,NOUN,17454115351911680600,477120,vida,NOUN,16889263832523057820,510330
1610,of,ADP,886050111519832510,477120,luego,ADV,4526122816444084130,510330
1611,them,PRON,7976265300568155021,477120,averiguar,VERB,16497500829832257928,512330
1612,are,AUX,5012629990875267006,477120,debe,AUX,11410293419687112684,512330
1613,different,ADJ,17379251038783395147,477120,qué,DET,2438889091638947136,514330
1614,manifestations,NOUN,4949016605031328034,477120,exactamente,ADV,11508145186508229673,512330
1615,",",PUNCT,2593208677638477497,477120,",",PUNCT,2593208677638477497,512330
1616,incarnations,NOUN,10073900910400062809,477120,movimiento,NOUN,18153934177909680228,514330
1617,",",PUNCT,2593208677638477497,477120,hago,VERB,409998428436883496,514330
1618,of,ADP,886050111519832510,480866,para,ADP,17491956544424926374,514330
1619,creativity,NOUN,12108157142775659947,480866,asegurarme,NOUN,8156984053678786469,514330
1620,--,PUNCT,10501404726543969396,480866,de,ADP,11144093025662894627,514330
1621,avatars,NOUN,10971648419980780520,480866,que,SCONJ,11474801393294414462,514330
1622,of,ADP,886050111519832510,480866,de,ADP,11144093025662894627,516330
1623,human,ADJ,5674190450704392893,480866,correcta,ADJ,8270496352830917296,516330
1624,creativity,NOUN,12108157142775659947,480866,manera,NOUN,498987833452431579,516330
1625,.,PUNCT,12646065887601541794,480866,.,PUNCT,12646065887601541794,516330
1626,And,CCONJ,12172435438170721471,485114,exprese,VERB,14190201927925281708,516330
1627,that,DET,4380130941430378203,485114,la,DET,6804705863737483857,516330
1628,'s,AUX,16428057658620181782,485114,La,DET,6239908149323985340,518330
1629,what,PRON,5865838185239622912,485114,lo,PRON,12507729120330568444,516330
1630,we,PRON,16064069575701507746,485114,diferencia,NOUN,824821153802259946,518330
1631,have,AUX,14692702688101715474,485114,es,AUX,10343076919720641053,520330
1632,to,PART,3791531372978436496,485114,artes,NOUN,15604860080890534770,518330
1633,reconcile,VERB,4907800131035411873,485114,y,CONJ,9409450202036847209,518330
1634,in,ADP,3002984154512732771,485114,entre,ADP,13518256460832573697,518330
1635,our,DET,17577015140245084783,485114,las,DET,6526950402091386798,518330
1636,minds,NOUN,5581874906841091721,485114,ciencias,NOUN,3502711777541729010,518330
1637,",",PUNCT,2593208677638477497,485114,¿,PUNCT,3095673970880011110,522330
1638,how,ADV,16331095434822636218,487492,no,ADV,13055779130471031426,520330
1639,these,DET,6459564349623679250,487492,las,DET,6526950402091386798,518330
1640,things,NOUN,3586418546468265269,487492,constructiva,ADJ,13383929512983270334,520330
1641,fit,VERB,6388973655490464457,487492,versus,PROPN,12572669883717445193,520330
1642,together,ADV,12060003407050460571,487492,tampoco,ADV,15175146558019419095,520330
1643,.,PUNCT,12646065887601541794,487492,",",PUNCT,2593208677638477497,522330
1644,The,DET,5059648917813135842,488970,Mucha,DET,10195915735115765089,522330
1645,difference,NOUN,8716931238876204650,488970,deconstructiva,PROPN,11822813430881711261,522330
1646,between,ADP,7508752285157982505,488970,en,ADP,14626626061804382878,524330
1647,arts,NOUN,10763589500099602820,488970,gente,NOUN,11998830313806299131,522330
1648,and,CCONJ,2283656566040971221,488970,?,PUNCT,8205403955989537350,522330
1649,sciences,NOUN,17229130392928749018,488970,ciencias,NOUN,3502711777541729010,524330
1650,is,AUX,3411606890003347522,488970,piensa,VERB,4079176075524373178,524330
1651,not,PART,447765159362469301,488970,las,DET,6526950402091386798,524330
1652,analytical,ADJ,8736917384272172897,488970,cierto,ADJ,7125988886725757465,522330
1653,versus,X,12572669883717445193,488970,como,SCONJ,3817173063683202752,524330
1654,intuitive,ADJ,1196545615316168151,488970,deconstructivas,ADJ,7908386056939564330,524330
1655,.,PUNCT,12646065887601541794,488970,.,PUNCT,12646065887601541794,524330
1656,Right,INTJ,4655952956124119418,493368,Se,PRON,14729232253331376861,526330
1657,?,PUNCT,8205403955989537350,493368,.,PUNCT,12646065887601541794,526330
1658,E,X,9391737413944127320,494543,las,DET,6526950402091386798,526330
1659,=,SYM,11162055469987148383,494543,cosas,NOUN,399513973913231652,526330
1660,mc2,PROPN,7846983978111029127,494543,Sí,ADV,7596443724486500856,528330
1661,required,VERB,2757536088714772928,494543,desbaratan,VERB,14152556213554352889,526330
1662,an,DET,15099054000809333061,494543,la,DET,6804705863737483857,528330
1663,intuitive,ADJ,1196545615316168151,494543,subatómica,ADJ,16776970275296082394,528330
1664,leap,NOUN,3922089725309989134,494543,física,NOUN,15243635068899282205,528330
1665,",",PUNCT,2593208677638477497,494543,",",PUNCT,2593208677638477497,528330
1666,and,CCONJ,2283656566040971221,498359,deconstructiva,ADJ,11822813430881711261,530330
1667,then,ADV,2630753287402592467,498359,Literalmente,ADV,16667711255009550982,530330
1668,you,PRON,7624161793554793053,498359,se,PRON,9839690450034771972,530330
1669,had,AUX,12960022596163002503,498359,es,AUX,10343076919720641053,530330
1670,to,PART,3791531372978436496,498359,despedazar,VERB,17717269916627739323,532330
1671,do,AUX,2158845516055552166,498359,intenta,VERB,9990281262211063934,530330
1672,the,DET,7425985699627899538,498359,los,DET,7307884290799599686,532330
1673,analysis,NOUN,5753914399162559562,498359,átomos,NOUN,13709535952552706709,532330
1674,afterwards,ADV,1126263031669642292,498359,para,ADP,17491956544424926374,532330
1675,.,PUNCT,12646065887601541794,498359,.,PUNCT,12646065887601541794,530330
1676,Einstein,PROPN,18171558317586024262,501514,lo,DET,12507729120330568444,534330
1677,said,VERB,17573686707662795042,501514,entender,VERB,11362520943434929139,532330
1678,",",PUNCT,2593208677638477497,501514,que,PRON,11474801393294414462,534330
1679,in,ADP,3002984154512732771,501514,de,ADP,11144093025662894627,534330
1680,fact,NOUN,3814049101131682695,501514,hay,AUX,7335652051276811590,534330
1681,",",PUNCT,2593208677638477497,501514,.,PUNCT,12646065887601541794,534330
1682,"""",PUNCT,15884554869126768810,502856,",",PUNCT,2593208677638477497,534330
1683,The,DET,5059648917813135842,502856,la,DET,6804705863737483857,534330
1684,most,ADV,11104729984170784471,502856,dentro,ADV,17028089856492542251,534330
1685,beautiful,ADJ,530855179026533974,502856,Pero,CONJ,3012608552889114327,534330
1686,thing,NOUN,2473243759842082748,502856,escultura,NOUN,12199055884939259788,534330
1687,we,PRON,16064069575701507746,502856,ellos,PRON,4156363711017915908,534330
1688,can,VERB,6635067063807956629,502856,por,ADP,18244196334509357400,534330
1689,experience,VERB,12090100147684300169,502856,entiendo,VERB,15940332234699332291,536330
1690,is,AUX,3411606890003347522,505044,que,SCONJ,11474801393294414462,536330
1691,the,DET,7425985699627899538,505044,lo,DET,12507729120330568444,534330
1692,mysterious,ADJ,11794818368001504273,505044,grandes,ADJ,3923687001980770117,536330
1693,.,PUNCT,12646065887601541794,505044,",",PUNCT,2593208677638477497,536330
1694,It,PRON,7859011591137717335,506372,usted,PRON,10504398233988789581,538330
1695,is,AUX,3411606890003347522,506372,es,AUX,10343076919720641053,538330
1696,the,DET,7425985699627899538,506372,los,DET,7307884290799599686,536330
1697,source,NOUN,9032917268300750242,506372,escultores,NOUN,10359025384273826281,536330
1698,of,ADP,886050111519832510,506372,de,ADP,11144093025662894627,536330
1699,all,DET,13409319323822384369,506372,una,DET,1019041181156623609,538330
1700,true,ADJ,7434368892455186804,506372,deconstructiva,ADJ,11822813430881711261,538330
1701,art,NOUN,3460763187682215441,506372,ve,VERB,10105644630884274164,538330
1702,and,CCONJ,2283656566040971221,506372,pues,SCONJ,7158916556456798928,538330
1703,science,NOUN,15907409978124634296,506372,pieza,NOUN,3343345182969207681,538330
1704,.,PUNCT,12646065887601541794,506372,y,CONJ,9409450202036847209,540330
1705,"""",PUNCT,15884554869126768810,506372,.,PUNCT,12646065887601541794,542330
1706,Dance,NOUN,2549856596782747218,509673,lo,DET,12507729120330568444,540330
1707,requires,VERB,13119392445262544140,509673,quita,VERB,18159235257312882565,540330
1708,us,PRON,4950757572332304006,509673,que,PRON,11474801393294414462,540330
1709,to,PART,3791531372978436496,509673,no,ADV,13055779130471031426,540330
1710,express,VERB,8012383337064180304,509673,tiene,VERB,12773169655925470509,542330
1711,and,CCONJ,2283656566040971221,509673,que,SCONJ,11474801393294414462,542330
1712,want,VERB,7597692042947428029,509673,estar,VERB,6576417655588717493,542330
1713,to,PART,3791531372978436496,509673,allí,ADV,17964402279426095661,542330
1714,express,VERB,8012383337064180304,509673,es,AUX,10343076919720641053,544330
1715,the,DET,7425985699627899538,512642,La,DET,6239908149323985340,544330
1716,jubilation,NOUN,15868570437057600285,512642,biotecnología,NOUN,12466254687016208932,544330
1717,in,ADP,3002984154512732771,512642,constructiva,ADJ,13383929512983270334,544330
1718,life,NOUN,16477424308483498569,512642,arreglos,NOUN,13694772432691371652,546330
1719,",",PUNCT,2593208677638477497,512642,.,PUNCT,12646065887601541794,544330
1720,but,CCONJ,14560795576765492085,513833,Los,DET,8281310487209232694,546330
1721,then,ADV,2630753287402592467,513833,orquestales,ADJ,11998593059476237200,546330
1722,you,PRON,7624161793554793053,513833,constructivos,ADJ,9656840125874815147,546330
1723,have,AUX,14692702688101715474,513833,son,AUX,2555790282192608669,546330
1724,to,PART,3791531372978436496,513833,.,PUNCT,12646065887601541794,546330
1725,figure,VERB,13707025353810924047,513833,que,SCONJ,11474801393294414462,548330
1726,out,ADP,1696981056005371314,513833,de,ADP,11144093025662894627,548330
1727,:,PUNCT,11532473245541075862,513833,",",PUNCT,2593208677638477497,548330
1728,Exactly,ADV,14969738917898255392,515436,Así,ADV,13115577326766121063,548330
1729,what,DET,5865838185239622912,515436,usamos,DET,17030102081383064761,548330
1730,movement,NOUN,6184037061712818460,515436,hecho,NOUN,12144731232849489260,548330
1731,do,AUX,2158845516055552166,515436,técnicas,NOUN,8865237108234000099,548330
1732,I,PRON,4690420944186131903,515436,constructivas,ADJ,1847573720966382098,548330
1733,do,AUX,2158845516055552166,515436,y,CONJ,9409450202036847209,548330
1734,to,PART,3791531372978436496,516877,diferencia,NOUN,824821153802259946,552330
1735,make,VERB,9614445426764226664,516877,para,ADP,17491956544424926374,550330
1736,sure,ADJ,2985827712170516640,516877,deconstructivas,ADJ,7908386056939564330,550330
1737,it,PRON,10239237003504588839,516877,todo,PRON,1039296168925561739,550330
1738,comes,VERB,10038222706987769888,516877,La,DET,6239908149323985340,552330
1739,across,ADP,12865022372469924430,516877,entre,ADP,13518256460832573697,552330
1740,correctly,ADV,10122871961153425084,516877,y,CONJ,9409450202036847209,552330
1741,?,PUNCT,8205403955989537350,516877,.,PUNCT,12646065887601541794,550330
1742,The,DET,5059648917813135842,519018,las,DET,6526950402091386798,555330
1743,difference,NOUN,8716931238876204650,519018,ciencia,NOUN,7755546493683470704,552330
1744,between,ADP,7508752285157982505,519018,es,AUX,10343076919720641053,555330
1745,arts,NOUN,10763589500099602820,519018,artes,NOUN,15604860080890534770,555330
1746,and,CCONJ,2283656566040971221,519018,que,SCONJ,11474801393294414462,555330
1747,sciences,NOUN,17229130392928749018,519018,lados,NOUN,11861570683506599975,558330
1748,is,AUX,3411606890003347522,520982,sean,AUX,6139498919658700348,555330
1749,also,ADV,12084876542534825196,520982,no,ADV,13055779130471031426,555330
1750,not,PART,447765159362469301,520982,una,DET,1019041181156623609,558330
1751,constructive,ADJ,15486665700645788916,520982,diferentes,ADJ,9639905295576268808,558330
1752,versus,ADP,12572669883717445193,520982,de,ADP,11144093025662894627,558330
1753,deconstructive,ADJ,3695281435490208615,520982,diferentes,ADJ,9639905295576268808,560330
1754,.,PUNCT,12646065887601541794,520982,",",PUNCT,2593208677638477497,558330
1755,A,DET,14862748245026736845,524523,misma,DET,6359451746338806667,558330
1756,lot,NOUN,6920515201346452032,524523,moneda,NOUN,4951682058234937845,558330
1757,of,ADP,886050111519832510,524523,o,CONJ,1489474827855109852,558330
1758,people,NOUN,7593739049417968140,524523,partes,NOUN,7461009288795324242,560330
1759,think,VERB,16875814820671380748,524523,aún,ADV,10350824937949505108,558330
1760,of,ADP,886050111519832510,524523,del,ADP,14178434899903659559,562330
1761,the,DET,7425985699627899538,524523,mismo,PRON,12984459046605325283,562330
1762,sciences,NOUN,17229130392928749018,524523,sino,CONJ,12797216016232341552,562330
1763,as,ADV,7437575085468336610,524523,más,ADV,13805553149795463782,562330
1764,deconstructive,ADJ,3695281435490208615,524523,continuo,ADJ,194435339218728258,562330
1765,",",PUNCT,2593208677638477497,524523,",",PUNCT,2593208677638477497,562330
1766,you,PRON,7624161793554793053,527206,mismo,PRON,12984459046605325283,564330
1767,have,AUX,14692702688101715474,527206,Son,AUX,18366556824654818082,567330
1768,to,PART,3791531372978436496,527206,de,ADP,11144093025662894627,564330
1769,pull,VERB,3554185783557172748,527206,lo,DET,12507729120330568444,564330
1770,things,NOUN,3586418546468265269,527206,manifestaciones,NOUN,7242917206626315590,564330
1771,apart,ADV,17866890529369146682,527206,bien,ADV,8265441118321635764,562330
1772,.,PUNCT,12646065887601541794,527206,¿,PUNCT,3095673970880011110,567330
1773,And,CCONJ,12172435438170721471,528831,estados,NOUN,10136522580327046941,567330
1774,yeah,INTJ,11852442279192850303,528831,diferentes,DET,9639905295576268808,567330
1775,",",PUNCT,2593208677638477497,528831,.,PUNCT,12646065887601541794,564330
1776,subatomic,ADJ,2710273545195291621,528831,cuánticos,ADJ,8512516483679917814,567330
1777,physics,NOUN,7842900839616230896,528831,átomo,NOUN,4006159732386591248,567330
1778,is,AUX,3411606890003347522,528831,un,DET,12188161997964598936,567330
1779,deconstructive,ADJ,3695281435490208615,528831,de,ADP,11144093025662894627,567330
1780,--,PUNCT,10501404726543969396,528831,?,PUNCT,8205403955989537350,567330
1781,you,PRON,7624161793554793053,531917,Tal,NOUN,5456240038276239557,569330
1782,literally,ADV,13778206391019748510,531917,vez,NOUN,8246815288216585998,569330
1783,try,VERB,4812066089261065646,531917,",",PUNCT,2593208677638477497,569330
1784,to,PART,3791531372978436496,531917,si,SCONJ,13884469947995795204,569330
1785,tear,VERB,17956674869450572180,531917,quiero,VERB,6447749186237085781,569330
1786,atoms,NOUN,7366702646345449135,531917,siglo,NOUN,11586798234027516443,569330
1787,apart,ADV,17866890529369146682,531917,más,ADV,13805553149795463782,569330
1788,to,PART,3791531372978436496,534545,acorde,ADJ,16612385278716496191,569330
1789,understand,VERB,2256871070683278179,534545,decir,VERB,8511968184309850901,571330
1790,what,PRON,5865838185239622912,534545,el,DET,11488171005156075516,569330
1791,'s,AUX,16428057658620181782,534545,estar,AUX,6576417655588717493,569330
1792,inside,ADP,3410355712981309345,534545,con,ADP,6945313634251781056,569330
1793,of,ADP,886050111519832510,534545,XXI,NOUN,10815395932986121137,569330
1794,them,PRON,7976265300568155021,534545,podría,AUX,17429385157734098051,571330
1795,.,PUNCT,12646065887601541794,534545,",",PUNCT,2593208677638477497,569330
1796,But,CCONJ,18004243461113809161,536605,que,SCONJ,11474801393294414462,571330
1797,sculpture,NOUN,17592433476969138703,536605,resonancias,NOUN,8653996152957613752,571330
1798,",",PUNCT,2593208677638477497,536605,diferentes,DET,9639905295576268808,571330
1799,from,ADP,7831658034963690409,536605,son,AUX,2555790282192608669,571330
1800,what,PRON,5865838185239622912,536605,harmónicas,ADJ,10830572838323973740,571330
1801,I,PRON,4690420944186131903,536605,una,DET,1019041181156623609,573330
1802,understand,VERB,2256871070683278179,536605,dejemos,VERB,10286791665395484122,575330
1803,from,ADP,7831658034963690409,536605,de,ADP,11144093025662894627,573330
1804,great,ADJ,8881679497796027013,536605,supercuerda,ADJ,11435198993805880722,573330
1805,sculptors,NOUN,4602810893899463896,536605,Pero,CONJ,3012608552889114327,575330
1806,",",PUNCT,2593208677638477497,536605,.,PUNCT,12646065887601541794,573330
1807,is,AUX,3411606890003347522,540180,eso,PRON,12716495710533357957,575330
1808,deconstructive,ADJ,3695281435490208615,540180,.,PUNCT,12646065887601541794,575330
1809,",",PUNCT,2593208677638477497,540180,(,PUNCT,12638816674900267446,575330
1810,because,SCONJ,16950148841647037698,541385,Risas,PROPN,1052418954792767806,575330
1811,you,PRON,7624161793554793053,541385,),PUNCT,3842344029291005339,575330
1812,see,VERB,11925638236994514241,541385,Surgen,PROPN,17046500989787708499,577330
1813,a,DET,11901859001352538922,541385,la,DET,6804705863737483857,577330
1814,piece,NOUN,3533604771108656642,541385,fuente,NOUN,1797578532566292999,577330
1815,and,CCONJ,2283656566040971221,541385,de,ADP,11144093025662894627,577330
1816,you,PRON,7624161793554793053,541385,misma,DET,6359451746338806667,577330
1817,remove,VERB,16902590007750564874,541385,.,PUNCT,12646065887601541794,577330
1818,what,PRON,5865838185239622912,541385,Las,DET,9845755628983179954,579330
1819,does,AUX,1818273248662495384,541385,artes,NOUN,15604860080890534770,579330
1820,n't,PART,2043519015752540944,541385,y,CONJ,9409450202036847209,579330
1821,need,VERB,478886015463313967,541385,las,DET,6526950402091386798,579330
1822,to,PART,3791531372978436496,541385,ciencias,NOUN,3502711777541729010,579330
1823,be,AUX,10382539506755952630,541385,son,AUX,2555790282192608669,579330
1824,there,ADV,2112642640949226496,541385,avatares,ADJ,17455887803197586245,579330
1825,.,PUNCT,12646065887601541794,541385,de,ADP,11144093025662894627,579330
1826,Biotechnology,NOUN,16472542700071231199,544730,creatividad,NOUN,12999371437292217415,581330
1827,is,AUX,3411606890003347522,544730,la,DET,6804705863737483857,581330
1828,constructive,ADJ,15486665700645788916,544730,humana,ADJ,11527463316918056558,581330
1829,.,PUNCT,12646065887601541794,544730,.,PUNCT,12646065887601541794,581330
1830,Orchestral,ADJ,4306190576448709566,547006,nuestro,DET,6162416962808358642,581330
1831,arranging,NOUN,4215898373332684944,547006,intento,NOUN,10331264455322406331,581330
1832,is,AUX,3411606890003347522,547006,Es,AUX,13491050862432847103,581330
1833,constructive,ADJ,15486665700645788916,547006,como,SCONJ,3817173063683202752,583330
1834,.,PUNCT,12646065887601541794,547006,humanos,NOUN,14152445401080590110,583330
1835,So,CCONJ,3893465145528745987,549481,por,ADP,18244196334509357400,583330
1836,",",PUNCT,2593208677638477497,549481,un,DET,12188161997964598936,583330
1837,in,ADP,3002984154512732771,549481,del,ADP,14178434899903659559,585330
1838,fact,NOUN,3814049101131682695,549481,entendimiento,NOUN,17596027009210693812,583330
1839,",",PUNCT,2593208677638477497,549481,",",PUNCT,2593208677638477497,585330
1840,we,PRON,16064069575701507746,549481,universo,NOUN,1776566726175763726,585330
1841,use,VERB,6873750497785110593,549481,construir,VERB,7603118343443357255,583330
1842,constructive,ADJ,15486665700645788916,549481,del,ADP,14178434899903659559,585330
1843,and,CCONJ,2283656566040971221,549481,alrededor,ADV,11076579720992169911,585330
1844,deconstructive,ADJ,3695281435490208615,549481,nuestro,DET,6162416962808358642,585330
1845,techniques,NOUN,10726577123187775244,549481,mundo,NOUN,4571220300153094564,585330
1846,in,ADP,3002984154512732771,552616,a,ADP,11901859001352538922,585330
1847,everything,PRON,9410232112791000120,552616,Es,AUX,13491050862432847103,587330
1848,.,PUNCT,12646065887601541794,552616,.,PUNCT,12646065887601541794,585330
1849,The,DET,5059648917813135842,554120,nuestro,DET,6162416962808358642,587330
1850,difference,NOUN,8716931238876204650,554120,intento,NOUN,10331264455322406331,587330
1851,between,ADP,7508752285157982505,554120,por,ADP,18244196334509357400,587330
1852,science,NOUN,15907409978124634296,554120,cosas,NOUN,399513973913231652,587330
1853,and,CCONJ,2283656566040971221,554120,influenciar,VERB,9264620069171239477,587330
1854,the,DET,7425985699627899538,554120,las,DET,6526950402091386798,587330
1855,arts,NOUN,10763589500099602820,554120,universo,NOUN,1776566726175763726,589330
1856,is,AUX,3411606890003347522,557763,nuestro,DET,6162416962808358642,589330
1857,not,PART,447765159362469301,557763,",",PUNCT,2593208677638477497,587330
1858,that,SCONJ,4380130941430378203,557763,y,CONJ,9409450202036847209,591330
1859,they,PRON,16875582379069451158,557763,mí,PRON,12975109311118457898,593330
1860,are,AUX,5012629990875267006,557763,.,PUNCT,12646065887601541794,591330
1861,different,ADJ,17379251038783395147,557763,externo,ADJ,4616712859640182935,591330
1862,sides,NOUN,7282523363582535133,557763,ciencias,NOUN,3502711777541729010,593330
1863,of,ADP,886050111519832510,557763,para,ADP,17491956544424926374,593330
1864,the,DET,7425985699627899538,557763,Las,DET,9845755628983179954,593330
1865,same,ADJ,7488871353255107396,557763,interno,ADJ,17209920991993251504,589330
1866,coin,NOUN,7394989984657272301,557763,manifestaciones,NOUN,7242917206626315590,593330
1867,",",PUNCT,2593208677638477497,557763,",",PUNCT,2593208677638477497,593330
1868,even,ADV,17339226045912991082,557763,son,AUX,2555790282192608669,593330
1869,",",PUNCT,2593208677638477497,557763,",",PUNCT,2593208677638477497,593330
1870,or,CCONJ,3740602843040177340,561218,de,ADP,11144093025662894627,595330
1871,even,ADV,17339226045912991082,561218,nuestro,DET,6162416962808358642,595330
1872,different,ADJ,17379251038783395147,561218,expresar,VERB,2189684160555145591,595330
1873,parts,NOUN,6142661288404308643,561218,esfuerzo,NOUN,18342780643930524666,595330
1874,of,ADP,886050111519832510,561218,por,ADP,18244196334509357400,595330
1875,the,DET,7425985699627899538,561218,nuestro,DET,6162416962808358642,598330
1876,same,ADJ,7488871353255107396,561218,compartir,VERB,6695879590777822375,598330
1877,continuum,NOUN,15125963590116798963,561218,entendimiento,NOUN,17596027009210693812,598330
1878,",",PUNCT,2593208677638477497,561218,",",PUNCT,2593208677638477497,598330
1879,but,CCONJ,14560795576765492085,563540,o,CONJ,1489474827855109852,598330
1880,rather,ADV,15549368236163590771,563540,nuestra,DET,6434645427240457100,600330
1881,",",PUNCT,2593208677638477497,563540,",",PUNCT,2593208677638477497,600330
1882,they,PRON,16875582379069451158,563540,nosotros,PRON,8669422429569711216,602330
1883,'re,AUX,523464648099722843,563540,influir,VERB,9387188148032667884,600330
1884,manifestations,NOUN,4949016605031328034,563540,experiencia,NOUN,17724604264879277798,600330
1885,of,ADP,886050111519832510,563540,en,ADP,14626626061804382878,600330
1886,the,DET,7425985699627899538,563540,el,DET,11488171005156075516,600330
1887,same,ADJ,7488871353255107396,563540,externo,ADJ,4616712859640182935,602330
1888,thing,NOUN,2473243759842082748,563540,universo,NOUN,1776566726175763726,600330
1889,.,PUNCT,12646065887601541794,563540,.,PUNCT,12646065887601541794,602330
1890,Different,ADJ,10236951831268819645,567499,a,ADP,11901859001352538922,602330
1891,quantum,NOUN,9328442913322325495,567499,individuos,NOUN,1480877626411717641,605330
1892,states,NOUN,3554169177543738620,567499,requiere,VERB,4070816224859057384,605330
1893,of,ADP,886050111519832510,567499,de,ADP,11144093025662894627,605330
1894,an,DET,15099054000809333061,567499,el,DET,11488171005156075516,607330
1895,atom,NOUN,16156294118866854677,567499,universo,NOUN,1776566726175763726,607330
1896,?,PUNCT,8205403955989537350,567499,.,PUNCT,12646065887601541794,605330
1897,Or,CCONJ,8253460499044575564,570321,como,SCONJ,3817173063683202752,605330
1898,maybe,ADV,15871822984945374680,570321,No,ADV,9692231336188541085,605330
1899,if,SCONJ,12446819118446800910,570321,como,SCONJ,3817173063683202752,607330
1900,I,PRON,4690420944186131903,570321,nosotros,PRON,8669422429569711216,605330
1901,want,VERB,7597692042947428029,570321,",",PUNCT,2593208677638477497,607330
1902,to,PART,3791531372978436496,570321,tal,NOUN,7511447687758208619,607330
1903,be,AUX,10382539506755952630,570321,Es,AUX,13491050862432847103,607330
1904,more,ADV,2160362229054775535,570321,todos,PRON,5361417614589746890,607330
1905,21st,ADJ,2418275451722690169,570321,y,CONJ,9409450202036847209,609330
1906,century,NOUN,11624174997366784379,570321,artes,NOUN,15604860080890534770,609330
1907,",",PUNCT,2593208677638477497,570321,",",PUNCT,2593208677638477497,609330
1908,I,PRON,4690420944186131903,572392,lo,PRON,12507729120330568444,607330
1909,could,VERB,7494117911267222209,572392,perciben,VERB,3960830939667729055,609330
1910,say,VERB,8685289367999165211,572392,manifiestan,VERB,14490020954527504545,609330
1911,that,SCONJ,4380130941430378203,572392,las,DET,6526950402091386798,609330
1912,they,PRON,16875582379069451158,572392,nuestro,DET,6162416962808358642,611330
1913,'re,AUX,523464648099722843,572392,deseo,NOUN,11076811174860721188,611330
1914,different,ADJ,17379251038783395147,572392,",",PUNCT,2593208677638477497,611330
1915,harmonic,ADJ,14742961916972018543,572392,compartir,VERB,6695879590777822375,611330
1916,resonances,NOUN,17739575590997709825,572392,intento,NOUN,10331264455322406331,611330
1917,of,ADP,886050111519832510,572392,por,ADP,18244196334509357400,611330
1918,a,DET,11901859001352538922,572392,nuestro,DET,6162416962808358642,611330
1919,superstring,NOUN,9038432378982684735,572392,través,NOUN,17449376082296395841,614330
1920,.,PUNCT,12646065887601541794,572392,o,CONJ,1489474827855109852,614330
1921,But,CCONJ,18004243461113809161,575824,a,ADP,11901859001352538922,614330
1922,we,PRON,16064069575701507746,575824,otros,PRON,4352301292778471070,614330
1923,'ll,VERB,5816706412157836887,575824,influenciar,VERB,9264620069171239477,614330
1924,leave,VERB,9707179535890930240,575824,a,ADP,11901859001352538922,614330
1925,that,DET,4380130941430378203,575824,las,DET,6526950402091386798,614330
1926,alone,ADJ,49985297707304326,575824,de,ADP,11144093025662894627,614330
1927,.,PUNCT,12646065887601541794,575824,experiencias,NOUN,1885348066678755391,614330
1928,They,PRON,14947529218328092544,577192,nosotros,PRON,8669422429569711216,617330
1929,spring,VERB,11096758440211815578,577192,que,SCONJ,11474801393294414462,617330
1930,from,ADP,7831658034963690409,577192,a,ADP,11901859001352538922,617330
1931,the,DET,7425985699627899538,577192,como,SCONJ,3817173063683202752,617330
1932,same,ADJ,7488871353255107396,577192,particulares,ADJ,6647893161044937208,617330
1933,source,NOUN,9032917268300750242,577192,individuos,NOUN,1480877626411717641,617330
1934,.,PUNCT,12646065887601541794,577192,.,PUNCT,12646065887601541794,617330
1935,The,DET,5059648917813135842,579384,otra,DET,17380649040506909729,619330
1936,arts,NOUN,10763589500099602820,579384,Déjenme,PROPN,5259578851836909082,619330
1937,and,CCONJ,2283656566040971221,579384,decirlo,PROPN,3080201803147188921,619330
1938,sciences,NOUN,17229130392928749018,579384,vez,NOUN,8246815288216585998,619330
1939,are,AUX,5012629990875267006,579384,son,AUX,2555790282192608669,617330
1940,avatars,NOUN,10971648419980780520,579384,",",PUNCT,2593208677638477497,619330
1941,of,ADP,886050111519832510,579384,de,ADP,11144093025662894627,619330
1942,human,ADJ,5674190450704392893,579384,otra,DET,17380649040506909729,619330
1943,creativity,NOUN,12108157142775659947,579384,manera,NOUN,498987833452431579,619330
1944,.,PUNCT,12646065887601541794,579384,;,PUNCT,631425121691394544,619330
1945,It,PRON,7859011591137717335,582626,la,DET,6804705863737483857,621330
1946,'s,AUX,16428057658620181782,582626,proporciona,VERB,8809184650007327489,621330
1947,our,DET,17577015140245084783,582626,un,DET,12188161997964598936,621330
1948,attempt,NOUN,1731169490046135071,582626,ciencia,NOUN,7755546493683470704,621330
1949,as,SCONJ,7437575085468336610,582626,de,ADP,11144093025662894627,623330
1950,humans,NOUN,10583631370292080577,582626,entendimiento,NOUN,17596027009210693812,621330
1951,to,PART,3791531372978436496,584126,universal,ADJ,975422080830217475,623330
1952,build,VERB,15542623189494043735,584126,proporcionan,VERB,15243466086803743595,626330
1953,an,DET,15099054000809333061,584126,una,DET,1019041181156623609,623330
1954,understanding,NOUN,1392792401359955612,584126,experiencia,NOUN,17724604264879277798,623330
1955,of,ADP,886050111519832510,584126,y,CONJ,9409450202036847209,623330
1956,the,DET,7425985699627899538,584126,la,DET,6804705863737483857,626330
1957,universe,NOUN,5558053471805935974,584126,entendimiento,NOUN,17596027009210693812,626330
1958,",",PUNCT,2593208677638477497,584126,artes,PROPN,15604860080890534770,626330
1959,the,DET,7425985699627899538,584126,un,DET,12188161997964598936,626330
1960,world,NOUN,1703489418272052182,584126,universal,ADJ,975422080830217475,626330
1961,around,ADP,3194226484742107227,584126,de,ADP,11144093025662894627,629330
1962,us,PRON,4950757572332304006,584126,Eso,PRON,4568893308372095616,632330
1963,.,PUNCT,12646065887601541794,584126,.,PUNCT,12646065887601541794,629330
1964,It,PRON,7859011591137717335,587627,personal,ADJ,861244163374911113,629330
1965,'s,AUX,16428057658620181782,587627,es,AUX,10343076919720641053,632330
1966,our,DET,17577015140245084783,587627,una,DET,1019041181156623609,629330
1967,attempt,NOUN,1731169490046135071,587627,experiencia,NOUN,17724604264879277798,629330
1968,to,PART,3791531372978436496,587627,que,PRON,11474801393294414462,632330
1969,influence,VERB,6113139012427377515,587627,tenemos,VERB,15443725945600917365,632330
1970,things,NOUN,3586418546468265269,587627,que,SCONJ,11474801393294414462,632330
1971,",",PUNCT,2593208677638477497,587627,",",PUNCT,2593208677638477497,632330
1972,the,DET,7425985699627899538,590157,lo,DET,12507729120330568444,632330
1973,universe,PROPN,5558053471805935974,590157,pensar,VERB,2464981911360723565,632330
1974,internal,ADJ,6956465441722722121,590157,que,SCONJ,11474801393294414462,634330
1975,to,ADP,3791531372978436496,590157,son,AUX,2555790282192608669,634330
1976,ourselves,PRON,7702237170018417328,590157,nosotros,PRON,8669422429569711216,634330
1977,and,CCONJ,2283656566040971221,592312,parte,NOUN,16514593513853944747,634330
1978,external,ADJ,3283097630592763258,592312,continuo,ADJ,194435339218728258,636330
1979,to,ADP,3791531372978436496,592312,de,ADP,11144093025662894627,634330
1980,us,PRON,4950757572332304006,592312,son,AUX,2555790282192608669,634330
1981,.,PUNCT,12646065887601541794,592312,",",PUNCT,2593208677638477497,634330
1982,The,DET,5059648917813135842,593831,un,DET,12188161997964598936,636330
1983,sciences,NOUN,17229130392928749018,593831,parte,NOUN,16514593513853944747,634330
1984,",",PUNCT,2593208677638477497,593831,.,PUNCT,12646065887601541794,636330
1985,to,ADP,3791531372978436496,593831,de,ADP,11144093025662894627,636330
1986,me,PRON,18197037023634208128,593831,No,ADV,9692231336188541085,638330
1987,",",PUNCT,2593208677638477497,593831,",",PUNCT,2593208677638477497,638330
1988,are,AUX,5012629990875267006,593831,son,AUX,2555790282192608669,638330
1989,manifestations,NOUN,4949016605031328034,593831,solo,NOUN,3505255310390259426,638330
1990,of,ADP,886050111519832510,593831,no,ADV,13055779130471031426,638330
1991,our,DET,17577015140245084783,593831,las,DET,6526950402091386798,638330
1992,attempt,NOUN,1731169490046135071,593831,herramientas,NOUN,17041359001007757451,638330
1993,to,PART,3791531372978436496,593831,son,AUX,2555790282192608669,638330
1994,express,VERB,8012383337064180304,593831,solo,ADJ,3505255310390259426,638330
1995,or,CCONJ,3740602843040177340,593831,es,NOUN,10343076919720641053,640330
1996,share,VERB,8233640825368986631,593831,ciencias,NOUN,3502711777541729010,640330
1997,our,DET,17577015140245084783,599461,las,DET,6526950402091386798,640330
1998,understanding,NOUN,1392792401359955612,599461,decir,NOUN,8511968184309850901,640330
1999,",",PUNCT,2593208677638477497,599461,",",PUNCT,2593208677638477497,640330
2000,our,DET,17577015140245084783,599461,las,DET,6526950402091386798,640330
2001,experience,NOUN,12090100147684300169,599461,matemáticas,NOUN,2676927223687300773,640330
2002,",",PUNCT,2593208677638477497,599461,",",PUNCT,2593208677638477497,640330
2003,to,PART,3791531372978436496,602173,y,CONJ,9409450202036847209,642330
2004,influence,VERB,6113139012427377515,602173,parte,NOUN,16514593513853944747,642330
2005,the,DET,7425985699627899538,602173,la,DET,6804705863737483857,642330
2006,universe,PROPN,5558053471805935974,602173,y,CONJ,9409450202036847209,642330
2007,external,ADJ,3283097630592763258,602173,numérica,ADJ,456328209159880196,642330
2008,to,ADP,3791531372978436496,602173,la,DET,6804705863737483857,642330
2009,ourselves,PRON,7702237170018417328,602173,estadística,NOUN,790893513353602989,642330
2010,.,PUNCT,12646065887601541794,602173,",",PUNCT,2593208677638477497,642330
2011,It,PRON,7859011591137717335,605412,pues,SCONJ,7158916556456798928,644330
2012,does,AUX,1818273248662495384,605412,etapa,NOUN,2370617317969937973,646330
2013,n't,PART,2043519015752540944,605412,bastante,ADV,17905951697900682507,644330
2014,rely,VERB,11351163332715512165,605412,oímos,VERB,2565095458021562237,644330
2015,on,ADP,5640369432778651323,605412,sobre,ADP,11374976834714679510,644330
2016,us,PRON,4950757572332304006,605412,esta,PRON,5821559423218928566,644330
2017,as,SCONJ,7437575085468336610,605412,que,SCONJ,11474801393294414462,646330
2018,individuals,NOUN,3577020009142861760,605412,gente,NOUN,11998830313806299131,646330
2019,.,PUNCT,12646065887601541794,605412,;,PUNCT,631425121691394544,646330
2020,It,PRON,7859011591137717335,608167,la,DET,6804705863737483857,646330
2021,'s,AUX,16428057658620181782,608167,era,AUX,7478797442728669872,648330
2022,the,DET,7425985699627899538,608167,la,DET,6804705863737483857,646330
2023,universe,NOUN,5558053471805935974,608167,música,NOUN,15167417241790394718,646330
2024,",",PUNCT,2593208677638477497,608167,",",PUNCT,2593208677638477497,648330
2025,as,SCONJ,7437575085468336610,608167,matemática,ADJ,492442934587295508,648330
2026,experienced,VERB,2982658188723080757,608167,decía,VERB,6478811460363771580,646330
2027,by,ADP,16764210730586636600,608167,¿,PUNCT,3095673970880011110,648330
2028,everyone,PRON,8336247396359886285,608167,cierto,ADJ,7125988886725757465,648330
2029,.,PUNCT,12646065887601541794,608167,?,PUNCT,8205403955989537350,648330
2030,The,DET,5059648917813135842,611577,El,DET,2536664749893722438,648330
2031,arts,NOUN,10763589500099602820,611577,arte,NOUN,4103457093953722605,648330
2032,manifest,VERB,1381357898453821596,611577,no,ADV,13055779130471031426,648330
2033,our,DET,17577015140245084783,611577,es,AUX,10343076919720641053,648330
2034,desire,NOUN,18435358004052000583,611577,solo,ADJ,3505255310390259426,648330
2035,",",PUNCT,2593208677638477497,611577,;,PUNCT,631425121691394544,650330
2036,our,DET,17577015140245084783,613930,los,DET,7307884290799599686,650330
2037,attempt,NOUN,1731169490046135071,613930,arcilla,NOUN,4244398344307993364,650330
2038,to,PART,3791531372978436496,613930,son,AUX,2555790282192608669,650330
2039,share,VERB,8233640825368986631,613930,usar,VERB,10841222263501392999,650330
2040,or,CCONJ,3740602843040177340,613930,no,ADV,13055779130471031426,650330
2041,influence,VERB,6113139012427377515,613930,usan,VERB,15801962638506066021,650330
2042,others,NOUN,14197355146880858084,613930,artistas,NOUN,2509245971204688150,650330
2043,through,ADP,18216413589307435838,616261,que,PRON,11474801393294414462,650330
2044,experiences,NOUN,246720244017836431,616261,luz,NOUN,4390112325035500097,652330
2045,that,DET,4380130941430378203,616261,los,DET,7307884290799599686,650330
2046,are,AUX,5012629990875267006,616261,arcilla,PROPN,4244398344307993364,650330
2047,peculiar,ADJ,6799882546040030216,616261,únicos,ADJ,11486508614443984932,650330
2048,to,ADP,3791531372978436496,616261,",",PUNCT,2593208677638477497,650330
2049,us,PRON,4950757572332304006,616261,",",PUNCT,2593208677638477497,652330
2050,as,SCONJ,7437575085468336610,616261,sonido,NOUN,14629318043460006363,652330
2051,individuals,NOUN,3577020009142861760,616261,movimiento,NOUN,18153934177909680228,652330
2052,.,PUNCT,12646065887601541794,616261,.,PUNCT,12646065887601541794,652330
2053,Let,VERB,16084663469996431762,620719,y,CONJ,9409450202036847209,652330
2054,me,PRON,18197037023634208128,620719,También,ADV,4730831994135206183,655330
2055,say,VERB,8685289367999165211,620719,usan,VERB,15801962638506066021,655330
2056,it,PRON,10239237003504588839,620719,que,SCONJ,11474801393294414462,658330
2057,again,ADV,4502205900248518970,620719,Así,ADV,13115577326766121063,658330
2058,another,DET,7270490914741406701,620719,el,DET,11488171005156075516,655330
2059,way,NOUN,6878210874361030284,620719,análisis,NOUN,4679595348338965911,655330
2060,:,PUNCT,11532473245541075862,620719,.,PUNCT,12646065887601541794,655330
2061,science,NOUN,15907409978124634296,622291,gente,NOUN,11998830313806299131,658330
2062,provides,VERB,2189566643989282894,622291,decir,VERB,8511968184309850901,658330
2063,an,DET,15099054000809333061,622291,la,DET,6804705863737483857,658330
2064,understanding,NOUN,1392792401359955612,622291,puede,AUX,15014026304111728540,658330
2065,of,ADP,886050111519832510,622291,de,ADP,11144093025662894627,660330
2066,a,DET,11901859001352538922,622291,bueno,INTJ,16255033881278904197,658330
2067,universal,ADJ,975422080830217475,622291,",",PUNCT,2593208677638477497,658330
2068,experience,NOUN,12090100147684300169,622291,todavía,ADV,10177267277660848382,660330
2069,",",PUNCT,2593208677638477497,622291,",",PUNCT,2593208677638477497,658330
2070,and,CCONJ,2283656566040971221,626740,estoy,AUX,14706404543211496139,660330
2071,arts,NOUN,10763589500099602820,626740,acuerdo,NOUN,11791469020735905910,660330
2072,provide,VERB,3805418597433244348,626740,con,ADP,6945313634251781056,660330
2073,a,DET,11901859001352538922,626740,lo,DET,12507729120330568444,660330
2074,universal,ADJ,975422080830217475,626740,intuitivo,ADJ,2564808258650287408,660330
2075,understanding,NOUN,1392792401359955612,626740,versus,PROPN,12572669883717445193,660330
2076,of,ADP,886050111519832510,629980,lo,DET,12507729120330568444,660330
2077,a,DET,11901859001352538922,629980,todo,DET,1039296168925561739,662330
2078,personal,ADJ,861244163374911113,629980,analítico,ADJ,15143590046553578773,660330
2079,experience,NOUN,12090100147684300169,629980,mundo,NOUN,4571220300153094564,662330
2080,.,PUNCT,12646065887601541794,629980,porque,SCONJ,5757082442330786044,662330
2081,That,DET,4759254855483594167,632832,el,DET,11488171005156075516,662330
2082,'s,AUX,16428057658620181782,632832,quiere,VERB,3686747369933169209,662330
2083,what,PRON,5865838185239622912,632832,hablar,VERB,18160074541727627272,662330
2084,we,PRON,16064069575701507746,632832,del,ADP,14178434899903659559,662330
2085,have,AUX,14692702688101715474,632832,hemisferio,ADJ,12592524780632755973,664330
2086,to,PART,3791531372978436496,632832,derecho,ADJ,8454407007220593911,664330
2087,think,VERB,16875814820671380748,632832,e,CONJ,1720370409040345145,664330
2088,about,ADP,942632335873952620,632832,del,ADP,14178434899903659559,664330
2089,",",PUNCT,2593208677638477497,632832,",",PUNCT,2593208677638477497,664330
2090,that,SCONJ,4380130941430378203,634891,izquierdo,ADJ,14491408557959458910,664330
2091,they,PRON,16875582379069451158,634891,todos,PRON,5361417614589746890,666330
2092,'re,AUX,523464648099722843,634891,¿,PUNCT,3095673970880011110,664330
2093,all,DET,13409319323822384369,634891,cierto,ADJ,7125988886725757465,664330
2094,part,NOUN,4485934323942657167,634891,cerebro,NOUN,15177324354612517497,664330
2095,of,ADP,886050111519832510,634891,A,ADP,14862748245026736845,666330
2096,us,PRON,4950757572332304006,634891,se,PRON,9839690450034771972,666330
2097,",",PUNCT,2593208677638477497,634891,?,PUNCT,8205403955989537350,664330
2098,they,PRON,16875582379069451158,634891,nos,PRON,6968452539944589995,666330
2099,'re,AUX,523464648099722843,634891,ha,AUX,8521863001484601166,666330
2100,all,DET,13409319323822384369,634891,acusado,VERB,8149437718314774387,666330
2101,part,NOUN,4485934323942657167,634891,lado,NOUN,11663777537566647114,668330
2102,of,ADP,886050111519832510,634891,de,ADP,11144093025662894627,666330
2103,a,DET,11901859001352538922,634891,el,DET,11488171005156075516,666330
2104,continuum,NOUN,15125963590116798963,634891,lado,NOUN,11663777537566647114,666330
2105,.,PUNCT,12646065887601541794,634891,usar,VERB,10841222263501392999,666330
2106,It,PRON,7859011591137717335,637825,derecho,NOUN,8454407007220593911,668330
2107,'s,AUX,16428057658620181782,637825,o,CONJ,1489474827855109852,668330
2108,not,PART,447765159362469301,637825,izquierdo,ADJ,14491408557959458910,668330
2109,just,ADV,7148522813498185515,637825,más,ADV,13805553149795463782,666330
2110,the,DET,7425985699627899538,637825,el,DET,11488171005156075516,668330
2111,tools,NOUN,5990950555658558085,637825,cerebro,NOUN,15177324354612517497,668330
2112,",",PUNCT,2593208677638477497,637825,del,ADP,14178434899903659559,668330
2113,it,PRON,10239237003504588839,637825,quién,PRON,12991509265516384760,670330
2114,'s,AUX,16428057658620181782,637825,en,ADP,14626626061804382878,668330
2115,not,PART,447765159362469301,637825,dependiendo,VERB,16052594146796181352,670330
2116,just,ADV,7148522813498185515,637825,no,ADV,13055779130471031426,670330
2117,the,DET,7425985699627899538,637825,algún,DET,6259029762431868556,668330
2118,sciences,NOUN,17229130392928749018,637825,momento,NOUN,7830912342853916375,668330
2119,",",PUNCT,2593208677638477497,637825,de,ADP,11144093025662894627,670330
2120,the,DET,7425985699627899538,641051,esté,AUX,18016686003495507154,670330
2121,mathematics,PROPN,16231090248568080619,641051,Risas,PROPN,1052418954792767806,672330
2122,and,CCONJ,2283656566040971221,641051,de,ADP,11144093025662894627,672330
2123,the,DET,7425985699627899538,641051,con,ADP,6945313634251781056,672330
2124,numerical,ADJ,13089420279836562045,641051,.,PUNCT,12646065887601541794,672330
2125,stuff,NOUN,4927587046501839030,641051,acuerdo,NOUN,11791469020735905910,672330
2126,and,CCONJ,2283656566040971221,641051,(,PUNCT,12638816674900267446,672330
2127,the,DET,7425985699627899538,641051,La,DET,6239908149323985340,674330
2128,statistics,NOUN,6040486437642667929,641051,gente,NOUN,11998830313806299131,674330
2129,",",PUNCT,2593208677638477497,641051,),PUNCT,3842344029291005339,672330
2130,because,SCONJ,16950148841647037698,644049,que,SCONJ,11474801393294414462,674330
2131,we,PRON,16064069575701507746,644049,nosotros,PRON,8669422429569711216,672330
2132,heard,VERB,12882971233254586938,644049,dice,VERB,14840232511926861974,674330
2133,",",PUNCT,2593208677638477497,644049,lo,DET,12507729120330568444,674330
2134,very,ADV,9548244504980166557,644049,intuitivo,ADJ,2564808258650287408,674330
2135,much,ADV,1935074700818135162,644049,es,AUX,10343076919720641053,674330
2136,on,ADP,5640369432778651323,644049,en,ADP,14626626061804382878,676330
2137,this,DET,1995909169258310477,644049,la,DET,6804705863737483857,676330
2138,stage,NOUN,8764522039650230071,644049,contacto,NOUN,14593919058702910849,676330
2139,",",PUNCT,2593208677638477497,644049,",",PUNCT,2593208677638477497,676330
2140,people,NOUN,7593739049417968140,646118,naturaleza,NOUN,2255247291837283518,676330
2141,talked,VERB,10338552042821670133,646118,con,ADP,6945313634251781056,676330
2142,about,ADP,942632335873952620,646118,en,ADP,14626626061804382878,678330
2143,music,NOUN,13617878141848112644,646118,contacto,NOUN,14593919058702910849,678330
2144,being,AUX,3899131925553995529,646118,estar,AUX,6576417655588717493,676330
2145,mathematical,ADJ,14888223658710273481,646118,mismo,ADJ,12984459046605325283,678330
2146,.,PUNCT,12646065887601541794,646118,usted,PRON,10504398233988789581,678330
2147,Arts,NOUN,15199480181221820727,649923,con,ADP,6945313634251781056,678330
2148,do,AUX,2158845516055552166,649923,y,CONJ,9409450202036847209,678330
2149,n't,PART,2043519015752540944,649923,sus,DET,11087495102510657763,678330
2150,just,ADV,7148522813498185515,649923,Y,CONJ,16961793518281001049,680330
2151,use,VERB,6873750497785110593,649923,poner,VERB,14108068471380808211,680330
2152,clay,NOUN,11714191563221504953,649923,relaciones,NOUN,2179723717855652709,678330
2153,",",PUNCT,2593208677638477497,649923,.,PUNCT,12646065887601541794,678330
2154,are,AUX,5012629990875267006,651570,es,AUX,10343076919720641053,680330
2155,n't,PART,2043519015752540944,651570,a,ADP,11901859001352538922,680330
2156,the,DET,7425985699627899538,651570,lo,DET,12507729120330568444,680330
2157,only,ADJ,13398675276606405380,651570,analítico,ADJ,15143590046553578773,680330
2158,ones,NOUN,381428819544577998,651570,mente,NOUN,534530165151678232,680330
2159,that,DET,4380130941430378203,651570,la,DET,6804705863737483857,680330
2160,use,VERB,6873750497785110593,651570,trabajar,VERB,2960815299999526921,680330
2161,clay,NOUN,11714191563221504953,651570,Les,PRON,16238897526868850703,682330
2162,",",PUNCT,2593208677638477497,651570,.,PUNCT,12646065887601541794,680330
2163,light,NOUN,6098669707108623374,651570,voy,AUX,17358577988603276780,682330
2164,and,CCONJ,2283656566040971221,651570,a,ADP,11901859001352538922,682330
2165,sound,NOUN,1289836513871212815,651570,secreto,NOUN,10283513971517421090,682330
2166,and,CCONJ,2283656566040971221,651570,un,DET,12188161997964598936,682330
2167,movement,NOUN,6184037061712818460,651570,pequeño,ADJ,6471735274106161247,682330
2168,.,PUNCT,12646065887601541794,651570,.,PUNCT,12646065887601541794,682330
2169,They,PRON,14947529218328092544,655776,Todos,PRON,12131057997984812435,682330
2170,use,VERB,6873750497785110593,655776,contar,VERB,8402852857367693406,682330
2171,analysis,NOUN,5753914399162559562,655776,ustedes,PRON,17174455506943557460,682330
2172,as,ADV,7437575085468336610,655776,ya,ADV,7831648150548777939,684330
2173,well,ADV,4525988469032889948,655776,esto,PRON,1761747332550045118,684330
2174,.,PUNCT,12646065887601541794,655776,",",PUNCT,2593208677638477497,684330
2175,So,SCONJ,3893465145528745987,659973,pero,CONJ,4949779210556390094,684330
2176,people,NOUN,7593739049417968140,659973,veces,NOUN,18218929533061403504,684330
2177,might,VERB,9067754100579305666,659973,algunas,DET,4272547645188157321,684330
2178,say,VERB,8685289367999165211,659973,saben,VERB,13243200264315159238,684330
2179,",",PUNCT,2593208677638477497,659973,la,DET,6804705863737483857,684330
2180,"""",PUNCT,15884554869126768810,661160,gente,NOUN,11998830313806299131,684330
2181,Well,INTJ,14379783840816760627,661160,esta,DET,5821559423218928566,686330
2182,",",PUNCT,2593208677638477497,661160,",",PUNCT,2593208677638477497,686330
2183,I,PRON,4690420944186131903,661160,idea,NOUN,5566782022517605861,686330
2184,still,ADV,5937879255812462177,661160,análisis,NOUN,4679595348338965911,686330
2185,like,VERB,18194338103975822726,661160,usa,VERB,352746334657453960,686330
2186,that,DET,4380130941430378203,661160,las,DET,6526950402091386798,686330
2187,intuitive,ADJ,1196545615316168151,661160,que,SCONJ,11474801393294414462,686330
2188,versus,ADP,12572669883717445193,661160,del,ADP,14178434899903659559,686330
2189,analytical,ADJ,8736917384272172897,661160,están,AUX,9329291831938041508,686330
2190,thing,NOUN,2473243759842082748,661160,cosas,NOUN,399513973913231652,686330
2191,",",PUNCT,2593208677638477497,661160,fuera,ADV,5576510493906326588,688330
2192,"""",PUNCT,15884554869126768810,661160,",",PUNCT,2593208677638477497,688330
2193,because,SCONJ,16950148841647037698,664067,que,SCONJ,11474801393294414462,688330
2194,everybody,PRON,1466605324003414912,664067,nosotros,PRON,8669422429569711216,688330
2195,wants,VERB,5192225495797021140,664067,para,ADP,17491956544424926374,688330
2196,to,PART,3791531372978436496,664067,de,ADP,11144093025662894627,688330
2197,do,AUX,2158845516055552166,664067,decir,AUX,8511968184309850901,688330
2198,the,DET,7425985699627899538,664067,lo,DET,12507729120330568444,690330
2199,right,ADJ,5943797630011647483,664067,esto,PRON,1761747332550045118,688330
2200,brain,NOUN,3746349434424197164,664067,es,AUX,10343076919720641053,690330
2201,",",PUNCT,2593208677638477497,664067,que,PRON,11474801393294414462,690330
2202,left,VERB,4003250512168697582,664067,elevar,VERB,829322471537921844,690330
2203,brain,NOUN,3746349434424197164,664067,a,ADP,11901859001352538922,690330
2204,thing,NOUN,2473243759842082748,664067,verdad,NOUN,7775753967344835232,692330
2205,.,PUNCT,12646065887601541794,664067,",",PUNCT,2593208677638477497,692330
2206,We,PRON,15667417291854480293,667122,la,DET,6804705863737483857,692330
2207,'ve,AUX,2989924464908128948,667122,vamos,AUX,6033137825740555313,690330
2208,all,ADV,13409319323822384369,667122,como,SCONJ,3817173063683202752,690330
2209,been,AUX,12517269084653561647,667122,las,DET,6526950402091386798,692330
2210,accused,VERB,8915410849535181575,667122,ciencias,NOUN,3502711777541729010,692330
2211,of,ADP,886050111519832510,667122,lo,DET,12507729120330568444,692330
2212,being,AUX,3899131925553995529,667122,son,AUX,2555790282192608669,692330
2213,right,ADV,5943797630011647483,667122,más,ADV,13805553149795463782,692330
2214,-,PUNCT,9153284864653046197,667122,",",PUNCT,2593208677638477497,692330
2215,brained,VERB,7161176004364521317,667122,importante,ADJ,3371823424964843453,692330
2216,or,CCONJ,3740602843040177340,667122,¿,PUNCT,3095673970880011110,692330
2217,left,VERB,4003250512168697582,667122,están,VERB,9329291831938041508,695330
2218,-,PUNCT,9153284864653046197,667122,?,PUNCT,8205403955989537350,692330
2219,brained,ADJ,7161176004364521317,667122,cierto,ADJ,7125988886725757465,692330
2220,at,ADP,11667289587015813222,670035,también,ADV,18236539777431520510,695330
2221,some,DET,7000492816108906599,670035,los,DET,7307884290799599686,695330
2222,point,NOUN,15479733260938818482,670035,Pero,CONJ,3012608552889114327,695330
2223,in,ADP,3002984154512732771,670035,y,CONJ,9409450202036847209,695330
2224,time,NOUN,8885804376230376864,670035,artistas,NOUN,2509245971204688150,695330
2225,",",PUNCT,2593208677638477497,670035,todos,PRON,5361417614589746890,695330
2226,depending,VERB,17127152345458482603,671219,saben,VERB,13243200264315159238,697330
2227,on,ADP,5640369432778651323,671219,que,SCONJ,11474801393294414462,697330
2228,who,PRON,3876862883474502309,671219,esto,PRON,1761747332550045118,697330
2229,we,PRON,16064069575701507746,671219,también,ADV,18236539777431520510,697330
2230,disagreed,VERB,4958200543003963694,671219,es,AUX,10343076919720641053,697330
2231,with,ADP,12510949447758279278,671219,verdad,NOUN,7775753967344835232,697330
2232,.,PUNCT,12646065887601541794,671219,.,PUNCT,12646065887601541794,697330
2233,(,PUNCT,12638816674900267446,673063,Los,DET,8281310487209232694,699330
2234,Laughter,PROPN,9911806888783028371,673063,artistas,NOUN,2509245971204688150,699330
2235,),PUNCT,3842344029291005339,673063,de,ADP,11144093025662894627,699330
2236,You,PRON,4678963469726251353,674411,cosas,NOUN,399513973913231652,699330
2237,know,VERB,7743033266031195906,674411,dirán,VERB,8998376051911841848,699330
2238,",",PUNCT,2593208677638477497,674411,los,DET,7307884290799599686,699330
2239,people,NOUN,7593739049417968140,674411,científicos,NOUN,9068354635756926713,699330
2240,say,VERB,8685289367999165211,674411,dicen,VERB,8884198959759046866,702330
2241,"""",PUNCT,15884554869126768810,674411,porque,SCONJ,5757082442330786044,702330
2242,intuitive,ADJ,1196545615316168151,674411,concretos,ADJ,581673317560377345,702330
2243,"""",PUNCT,15884554869126768810,674411,que,SCONJ,11474801393294414462,702330
2244,--,PUNCT,10501404726543969396,674411,",",PUNCT,2593208677638477497,702330
2245,that,DET,4380130941430378203,676329,muy,ADV,16868253375141016776,702330
2246,'s,AUX,16428057658620181782,676329,son,AUX,2555790282192608669,702330
2247,like,SCONJ,18194338103975822726,676329,que,SCONJ,11474801393294414462,704330
2248,you,PRON,7624161793554793053,676329,no,ADV,13055779130471031426,704330
2249,'re,AUX,523464648099722843,676329,están,AUX,9329291831938041508,704330
2250,in,ADP,3002984154512732771,676329,conectados,ADJ,7235427064299182087,704330
2251,touch,NOUN,14181128892556480885,676329,el,DET,11488171005156075516,704330
2252,with,ADP,12510949447758279278,676329,con,ADP,6945313634251781056,704330
2253,nature,NOUN,2536615173792352521,676329,mundo,NOUN,4571220300153094564,704330
2254,",",PUNCT,2593208677638477497,676329,.,PUNCT,12646065887601541794,704330
2255,in,ADP,3002984154512732771,678288,Sin,ADP,16989565700622806292,707330
2256,touch,NOUN,14181128892556480885,678288,embargo,NOUN,18189741886919438293,707330
2257,with,ADP,12510949447758279278,678288,en,ADP,14626626061804382878,707330
2258,yourself,PRON,3109722610398367559,678288,hemos,AUX,4219622862681744689,707330
2259,and,CCONJ,2283656566040971221,678288,visto,VERB,7249354072924073641,707330
2260,relationships,NOUN,15252730900113267829,678288,escena,NOUN,10627531537249637568,707330
2261,;,PUNCT,631425121691394544,678288,",",PUNCT,2593208677638477497,707330
2262,analytical,ADJ,8736917384272172897,680297,aquí,ADV,11304695278136339124,707330
2263,",",PUNCT,2593208677638477497,680297,",",PUNCT,2593208677638477497,707330
2264,you,PRON,7624161793554793053,680297,eso,PRON,12716495710533357957,707330
2265,put,VERB,11532405253426108718,680297,inclusive,VERB,922595807764419251,707330
2266,your,DET,1572612192562026184,680297,así,ADV,13388538489347049961,709330
2267,mind,NOUN,8811887512194128535,680297,que,SCONJ,11474801393294414462,709330
2268,to,PART,3791531372978436496,680297,no,ADV,13055779130471031426,709330
2269,work,VERB,10038440415813069799,680297,pretendan,VERB,11050914053846005205,709330
2270,.,PUNCT,12646065887601541794,680297,.,PUNCT,12646065887601541794,711330
2271,I,PRON,4690420944186131903,682554,no,ADV,13055779130471031426,709330
2272,'m,AUX,8504683628951808721,682554,que,SCONJ,11474801393294414462,709330
2273,going,VERB,14242014708739787450,682554,saben,VERB,13243200264315159238,709330
2274,to,PART,3791531372978436496,682554,de,ADP,11144093025662894627,711330
2275,tell,VERB,63172552626595070,682554,hablo,VERB,15776664324866988717,711330
2276,you,PRON,7624161793554793053,682554,que,PRON,11474801393294414462,711330
2277,a,DET,11901859001352538922,682554,lo,DET,12507729120330568444,711330
2278,little,ADJ,9778055143417507723,682554,Risas,PROPN,1052418954792767806,711330
2279,secret,NOUN,12786147107810005657,682554,gente,NOUN,11998830313806299131,713330
2280,.,PUNCT,12646065887601541794,682554,),PUNCT,3842344029291005339,711330
2281,You,PRON,4678963469726251353,682554,que,PRON,11474801393294414462,713330
2282,all,DET,13409319323822384369,682554,Hemos,AUX,8327489426493847011,713330
2283,know,VERB,7743033266031195906,682554,tenido,VERB,14226950906884852717,713330
2284,this,DET,1995909169258310477,682554,la,DET,6804705863737483857,713330
2285,",",PUNCT,2593208677638477497,682554,(,PUNCT,12638816674900267446,711330
2286,though,ADV,16680099953739830072,682554,aquí,ADV,11304695278136339124,713330
2287,.,PUNCT,12646065887601541794,682554,de,ADP,11144093025662894627,713330
2288,But,CCONJ,18004243461113809161,685647,Tierra,PROPN,12589158395354468166,715330
2289,sometimes,ADV,2982782142620708162,685647,Sociedad,PROPN,544409460626661146,713330
2290,people,NOUN,7593739049417968140,685647,de,ADP,11144093025662894627,713330
2291,use,VERB,6873750497785110593,685647,habla,VERB,12677730105933917781,713330
2292,this,DET,1995909169258310477,685647,la,DET,6804705863737483857,713330
2293,analysis,NOUN,5753914399162559562,685647,Plana,PROPN,4627232155658136374,715330
2294,idea,NOUN,5566782022517605861,685647,gente,NOUN,11998830313806299131,715330
2295,",",PUNCT,2593208677638477497,685647,y,CONJ,9409450202036847209,715330
2296,that,SCONJ,4380130941430378203,687770,que,SCONJ,11474801393294414462,717330
2297,things,NOUN,3586418546468265269,687770,arreglos,NOUN,13694772432691371652,715330
2298,are,AUX,5012629990875267006,687770,hace,VERB,12135968124517883173,715330
2299,outside,ADP,12341974070768608367,687770,florales,ADJ,9341559996423228258,715330
2300,of,ADP,886050111519832510,687770,Así,ADV,13115577326766121063,715330
2301,ourselves,PRON,7702237170018417328,687770,que,PRON,11474801393294414462,715330
2302,",",PUNCT,2593208677638477497,687770,.,PUNCT,12646065887601541794,715330
2303,to,PART,3791531372978436496,689626,toda,DET,6406953881253465916,717330
2304,say,VERB,8685289367999165211,689626,existe,VERB,14803478296915728043,717330
2305,",",PUNCT,2593208677638477497,689626,dicotomía,NOUN,7412339912313625671,717330
2306,this,DET,1995909169258310477,689626,esta,DET,5821559423218928566,717330
2307,is,AUX,3411606890003347522,689626,que,SCONJ,11474801393294414462,717330
2308,what,PRON,5865838185239622912,689626,aún,ADV,10350824937949505108,717330
2309,we,PRON,16064069575701507746,689626,nosotros,PRON,8669422429569711216,719330
2310,'re,AUX,523464648099722843,689626,con,ADP,6945313634251781056,719330
2311,going,VERB,14242014708739787450,689626,cargamos,VERB,2820317755287177034,719330
2312,to,PART,3791531372978436496,689626,",",PUNCT,2593208677638477497,719330
2313,elevate,VERB,5304632811635885622,689626,sepamos,VERB,5674755637781653071,719330
2314,as,SCONJ,7437575085468336610,693104,cuando,SCONJ,10847943810515898149,719330
2315,the,DET,7425985699627899538,693104,algunas,DET,4272547645188157321,722330
2316,true,ADJ,7434368892455186804,693104,aún,ADV,10350824937949505108,719330
2317,",",PUNCT,2593208677638477497,693104,.,PUNCT,12646065887601541794,719330
2318,most,ADV,11104729984170784471,693104,más,ADV,13805553149795463782,719330
2319,important,ADJ,5951875591235763184,693104,Y,CONJ,16961793518281001049,722330
2320,sciences,NOUN,17229130392928749018,693104,personas,NOUN,1891828540174324529,722330
2321,",",PUNCT,2593208677638477497,693104,creen,VERB,6184345005693134749,722330
2322,right,ADJ,5943797630011647483,693104,que,SCONJ,11474801393294414462,722330
2323,?,PUNCT,8205403955989537350,693104,tenemos,VERB,15443725945600917365,722330
2324,Then,ADV,3636093925232013737,696182,que,SCONJ,11474801393294414462,722330
2325,you,PRON,7624161793554793053,696182,elegir,VERB,753415090809776277,722330
2326,have,AUX,14692702688101715474,696182,entre,ADP,13518256460832573697,722330
2327,artists,NOUN,17911060750083920997,696182,ambos,NUM,16504866712231586426,722330
2328,--,PUNCT,10501404726543969396,696182,.,PUNCT,12646065887601541794,722330
2329,and,CCONJ,2283656566040971221,696182,Pero,CONJ,3012608552889114327,725330
2330,you,PRON,7624161793554793053,696182,uno,PRON,8171375619591740969,727330
2331,all,DET,13409319323822384369,696182,no,ADV,13055779130471031426,725330
2332,know,VERB,7743033266031195906,696182,tendría,VERB,939774390653582065,725330
2333,this,DET,1995909169258310477,696182,escoger,VERB,17614369880985913724,725330
2334,is,AUX,3411606890003347522,696182,u,CONJ,12247454108283186160,727330
2335,true,ADJ,7434368892455186804,696182,cierto,ADJ,7125988886725757465,727330
2336,as,ADV,7437575085468336610,696182,otro,PRON,2936243016579165257,727330
2337,well,ADV,4525988469032889948,696182,",",PUNCT,2593208677638477497,727330
2338,--,PUNCT,10501404726543969396,696182,¿,PUNCT,3095673970880011110,727330
2339,artists,NOUN,17911060750083920997,699665,sentido,NOUN,8538278608356798342,725330
2340,will,VERB,18307573501153647118,699665,?,PUNCT,8205403955989537350,727330
2341,say,VERB,8685289367999165211,699665,¿,PUNCT,3095673970880011110,729330
2342,things,NOUN,3586418546468265269,699665,Lo,DET,3892584616005055440,729330
2343,about,ADP,942632335873952620,699665,intuitivo,ADJ,2564808258650287408,729330
2344,scientists,NOUN,15048473210916948367,699665,versus,PROPN,12572669883717445193,729330
2345,because,SCONJ,16950148841647037698,703000,lo,DET,12507729120330568444,729330
2346,they,PRON,16875582379069451158,703000,analítico,ADJ,15143590046553578773,729330
2347,say,VERB,8685289367999165211,703000,?,PUNCT,8205403955989537350,729330
2348,they,PRON,16875582379069451158,703000,una,DET,1019041181156623609,731330
2349,'re,AUX,523464648099722843,703000,Es,AUX,13491050862432847103,731330
2350,too,ADV,12286903790479710773,703000,elección,NOUN,4208752273675201171,731330
2351,concrete,ADJ,9734485228041438681,703000,tonta,ADJ,1930660629399939804,731330
2352,",",PUNCT,2593208677638477497,703000,",",PUNCT,2593208677638477497,731330
2353,they,PRON,16875582379069451158,703000,es,AUX,10343076919720641053,733330
2354,'re,AUX,523464648099722843,703000,tratar,AUX,9470663700976835241,733330
2355,disconnected,VERB,13386518241251070755,703000,escoger,VERB,17614369880985913724,733330
2356,from,ADP,7831658034963690409,703000,de,ADP,11144093025662894627,733330
2357,the,DET,7425985699627899538,703000,como,SCONJ,3817173063683202752,733330
2358,world,NOUN,1703489418272052182,703000,entre,ADP,13518256460832573697,733330
2359,.,PUNCT,12646065887601541794,703000,e,CONJ,1720370409040345145,735330
2360,But,CCONJ,18004243461113809161,707060,realista,ADJ,1620874925856820497,735330
2361,",",PUNCT,2593208677638477497,707060,.,PUNCT,12646065887601541794,735330
2362,we,PRON,16064069575701507746,707060,idealista,ADJ,8493733763336083041,735330
2363,'ve,AUX,2989924464908128948,707060,ser,AUX,940341820454552972,735330
2364,even,ADV,17339226045912991082,707060,Los,DET,8281310487209232694,737330
2365,had,VERB,12960022596163002503,707060,dos,NUM,14014603652905717938,737330
2366,that,DET,4380130941430378203,707060,la,DET,6804705863737483857,737330
2367,here,ADV,411390626470654571,707060,necesarios,ADJ,3504391103139372089,737330
2368,on,ADP,5640369432778651323,707060,en,ADP,14626626061804382878,737330
2369,stage,NOUN,8764522039650230071,707060,vida,NOUN,16889263832523057820,737330
2370,",",PUNCT,2593208677638477497,707060,¿,PUNCT,3095673970880011110,737330
2371,so,ADV,9781598966686434415,709662,.,PUNCT,12646065887601541794,737330
2372,do,AUX,2158845516055552166,709662,son,AUX,2555790282192608669,737330
2373,n't,PART,2043519015752540944,709662,Por,ADP,623830814368950614,737330
2374,act,VERB,4330217062942772869,709662,gente,NOUN,11998830313806299131,737330
2375,like,SCONJ,18194338103975822726,709662,la,DET,6804705863737483857,737330
2376,you,PRON,7624161793554793053,709662,qué,PRON,2438889091638947136,737330
2377,do,AUX,2158845516055552166,709662,hace,AUX,12135968124517883173,739330
2378,n't,PART,2043519015752540944,709662,?,PUNCT,8205403955989537350,739330
2379,know,VERB,7743033266031195906,709662,citar,VERB,4168550176509511928,739330
2380,what,PRON,5865838185239622912,709662,esto,PRON,1761747332550045118,739330
2381,I,PRON,4690420944186131903,709662,a,ADP,11901859001352538922,739330
2382,'m,AUX,8504683628951808721,709662,Voy,AUX,6044623695552160071,739330
2383,talking,VERB,3577425109143670181,709662,un,DET,12188161997964598936,741330
2384,about,ADP,942632335873952620,709662,a,ADP,11901859001352538922,741330
2385,.,PUNCT,12646065887601541794,709662,molecular,ADJ,3054177445329727091,741330
2386,(,PUNCT,12638816674900267446,712427,",",PUNCT,2593208677638477497,741330
2387,Laughter,PROPN,9911806888783028371,712427,Sydney,PROPN,64914885292384134,741330
2388,),PUNCT,3842344029291005339,712427,",",PUNCT,2593208677638477497,741330
2389,We,PRON,15667417291854480293,713645,que,PRON,11474801393294414462,743330
2390,had,AUX,12960022596163002503,713645,puede,AUX,15014026304111728540,743330
2391,folks,NOUN,207445740319315969,713645,biólogo,NOUN,9997937008804021904,741330
2392,talking,VERB,3577425109143670181,713645,tiene,VERB,12773169655925470509,743330
2393,about,ADP,942632335873952620,713645,70,NUM,17272628333277205899,743330
2394,the,DET,7425985699627899538,713645,años,NOUN,8746864843512539013,743330
2395,Flat,PROPN,489993545643079791,713645,y,CONJ,9409450202036847209,743330
2396,Earth,PROPN,10533021089177626446,713645,Brenner,PROPN,6090269428301318776,741330
2397,Society,PROPN,11558703479576494226,713645,decir,VERB,8511968184309850901,743330
2398,and,CCONJ,2283656566040971221,716009,esto,PRON,1761747332550045118,743330
2399,flower,NOUN,14229245098966833583,716009,.,PUNCT,12646065887601541794,743330
2400,arrangers,NOUN,1537891869459571931,716009,Dijo,VERB,12920198234376309165,743330
2401,",",PUNCT,2593208677638477497,716009,:,PUNCT,11532473245541075862,743330
2402,so,ADV,9781598966686434415,717208,"""",PUNCT,15884554869126768810,745330
2403,there,PRON,2112642640949226496,717208,entre,ADP,13518256460832573697,747330
2404,'s,AUX,16428057658620181782,717208,Es,AUX,13491050862432847103,745330
2405,this,DET,1995909169258310477,717208,la,DET,6804705863737483857,747330
2406,whole,ADJ,16948554243429412012,717208,importante,ADJ,3371823424964843453,745330
2407,dichotomy,NOUN,8046242586343656732,717208,castidad,NOUN,1501334077666023641,747330
2408,that,SCONJ,4380130941430378203,719146,la,DET,6804705863737483857,747330
2409,we,PRON,16064069575701507746,719146,y,CONJ,9409450202036847209,747330
2410,continue,VERB,7058970474994285413,719146,distinguir,VERB,3793206838348559734,745330
2411,to,PART,3791531372978436496,719146,impotencia,NOUN,1066367947510029344,747330
2412,carry,VERB,3136549718379081776,719146,"""",PUNCT,15884554869126768810,747330
2413,along,ADP,3962502770901397382,719146,.,PUNCT,12646065887601541794,747330
2414,",",PUNCT,2593208677638477497,719146,...,PUNCT,10875615029400813363,749330
2415,even,ADV,17339226045912991082,719146,bien,ADV,8265441118321635764,749330
2416,when,ADV,15807309897752499399,719146,Ahora,ADV,10720993020331908228,749330
2417,we,PRON,16064069575701507746,719146,(,PUNCT,12638816674900267446,749330
2418,know,VERB,7743033266031195906,719146,Quiero,VERB,1587359813573428015,752330
2419,better,ADV,13468287115010965206,719146,Risas,PROPN,1052418954792767806,749330
2420,.,PUNCT,12646065887601541794,719146,),PUNCT,3842344029291005339,749330
2421,And,CCONJ,12172435438170721471,722841,con,ADP,6945313634251781056,752330
2422,folks,NOUN,207445740319315969,722841,ecuación,NOUN,16109213992241245357,755330
2423,say,VERB,8685289367999165211,722841,compartir,VERB,6695879590777822375,752330
2424,we,PRON,16064069575701507746,722841,ustedes,PRON,17174455506943557460,752330
2425,need,VERB,478886015463313967,722841,pequeña,ADJ,6127018088006926260,755330
2426,to,PART,3791531372978436496,722841,una,DET,1019041181156623609,755330
2427,choose,VERB,289419744638753225,722841,",",PUNCT,2593208677638477497,755330
2428,either,CCONJ,7000860569167321224,722841,¿,PUNCT,3095673970880011110,755330
2429,-,PUNCT,9153284864653046197,722841,?,PUNCT,8205403955989537350,755330
2430,or,CCONJ,3740602843040177340,722841,bueno,ADJ,16255033881278904197,755330
2431,.,PUNCT,12646065887601541794,722841,¿,PUNCT,3095673970880011110,758330
2432,But,CCONJ,18004243461113809161,726492,el,DET,11488171005156075516,758330
2433,it,PRON,10239237003504588839,726492,Cómo,PRON,6525486184658562481,758330
2434,would,VERB,6992604926141104606,726492,entendimiento,NOUN,17596027009210693812,758330
2435,really,ADV,14653600329166397554,726492,de,ADP,11144093025662894627,758330
2436,be,AUX,10382539506755952630,726492,del,ADP,14178434899903659559,761330
2437,foolish,ADJ,8076568901049624100,726492,ciencia,NOUN,7755546493683470704,758330
2438,to,PART,3791531372978436496,726492,y,CONJ,9409450202036847209,761330
2439,choose,VERB,289419744638753225,726492,encaja,VERB,17252263177612238320,761330
2440,either,DET,7000860569167321224,726492,la,DET,6804705863737483857,758330
2441,one,NUM,17454115351911680600,726492,arte,NOUN,4103457093953722605,761330
2442,",",PUNCT,2593208677638477497,726492,?,PUNCT,8205403955989537350,761330
2443,intuitive,ADJ,1196545615316168151,729422,vidas,NOUN,7429279969752978386,761330
2444,versus,ADP,12572669883717445193,729422,en,ADP,14626626061804382878,761330
2445,analytical,ADJ,8736917384272172897,729422,Y,CONJ,16961793518281001049,763330
2446,.,PUNCT,12646065887601541794,729422,¿,PUNCT,3095673970880011110,763330
2447,That,DET,4759254855483594167,731460,nuestras,DET,6679197797458482381,761330
2448,'s,AUX,16428057658620181782,731460,es,AUX,10343076919720641053,763330
2449,a,DET,11901859001352538922,731460,lo,DET,12507729120330568444,763330
2450,foolish,ADJ,8076568901049624100,731460,qué,PRON,2438889091638947136,763330
2451,choice,NOUN,14385143700534068980,731460,que,PRON,11474801393294414462,763330
2452,.,PUNCT,12646065887601541794,731460,y,CONJ,9409450202036847209,763330
2453,It,PRON,7859011591137717335,732671,que,PRON,11474801393294414462,763330
2454,'s,AUX,16428057658620181782,732671,estamos,AUX,1184969735604598245,765330
2455,foolish,ADJ,8076568901049624100,732671,de,ADP,11144093025662894627,763330
2456,just,ADV,7148522813498185515,732671,hoy,ADV,13035178216107647832,765330
2457,like,SCONJ,18194338103975822726,732671,lo,DET,12507729120330568444,763330
2458,trying,VERB,5386905846056786656,732671,hablando,VERB,14968528239787739259,765330
2459,to,PART,3791531372978436496,732671,la,DET,6804705863737483857,767330
2460,choose,VERB,289419744638753225,732671,ocurre,VERB,9371221859793320583,763330
2461,between,ADP,7508752285157982505,732671,en,ADP,14626626061804382878,767330
2462,being,AUX,3899131925553995529,732671,conferencia,NOUN,10321978252627246392,767330
2463,realistic,ADJ,4294883842138742686,732671,de,ADP,11144093025662894627,767330
2464,or,CCONJ,3740602843040177340,732671,diseño,NOUN,1689742004673472932,767330
2465,idealistic,ADJ,13711666252180748455,732671,Esto,PRON,15115217180518400449,767330
2466,.,PUNCT,12646065887601541794,732671,?,PUNCT,8205403955989537350,767330
2467,You,PRON,4678963469726251353,737198,algo,PRON,16528986040643271495,767330
2468,need,VERB,478886015463313967,737198,ocurrió,VERB,15925732422667153296,769330
2469,both,DET,7111508780595485950,737198,que,PRON,11474801393294414462,767330
2470,in,ADP,3002984154512732771,737198,se,PRON,9839690450034771972,769330
2471,life,NOUN,16477424308483498569,737198,me,PRON,18197037023634208128,769330
2472,.,PUNCT,12646065887601541794,737198,:,PUNCT,11532473245541075862,769330
2473,Why,ADV,3341772144230116515,739167,el,DET,11488171005156075516,769330
2474,do,AUX,2158845516055552166,739167,es,AUX,10343076919720641053,767330
2475,people,NOUN,7593739049417968140,739167,entendimiento,NOUN,17596027009210693812,769330
2476,do,AUX,2158845516055552166,739167,y,CONJ,9409450202036847209,769330
2477,this,DET,1995909169258310477,739167,nuestros,DET,8277433627748971173,771330
2478,?,PUNCT,8205403955989537350,739167,recursos,NOUN,1651610298600722578,771330
2479,I,PRON,4690420944186131903,740347,y,CONJ,9409450202036847209,771330
2480,'m,AUX,8504683628951808721,740347,nuestra,DET,6434645427240457100,771330
2481,going,VERB,14242014708739787450,740347,hacen,VERB,13940557011682758216,773330
2482,to,PART,3791531372978436496,740347,voluntad,NOUN,16274119129840956565,771330
2483,quote,VERB,5727435701664101727,740347,tengamos,VERB,3577502150478203483,773330
2484,a,DET,11901859001352538922,740347,Nuestro,DET,10498438242590878365,775330
2485,molecular,ADJ,3054177445329727091,740347,que,SCONJ,11474801393294414462,773330
2486,biologist,NOUN,15567379518651649089,740347,resultados,NOUN,5630034842916689455,773330
2487,",",PUNCT,2593208677638477497,740347,.,PUNCT,12646065887601541794,773330
2488,Sydney,PROPN,64914885292384134,740347,entendimiento,NOUN,17596027009210693812,775330
2489,Brenner,PROPN,6090269428301318776,740347,nuestra,DET,6434645427240457100,775330
2490,",",PUNCT,2593208677638477497,740347,",",PUNCT,2593208677638477497,775330
2491,who,PRON,3876862883474502309,743076,ciencia,NOUN,7755546493683470704,775330
2492,'s,AUX,16428057658620181782,743076,es,AUX,10343076919720641053,775330
2493,70,NUM,17272628333277205899,743076,nuestro,DET,6162416962808358642,775330
2494,years,NOUN,9492612516460955585,743076,arte,NOUN,4103457093953722605,775330
2495,old,ADJ,2483095116303079762,743076,nuestra,DET,6434645427240457100,777330
2496,",",PUNCT,2593208677638477497,743076,",",PUNCT,2593208677638477497,775330
2497,so,ADV,9781598966686434415,743076,religión,NOUN,10585268213055785592,777330
2498,he,PRON,1655312771067108281,743076,la,DET,6804705863737483857,777330
2499,can,VERB,6635067063807956629,743076,manera,NOUN,498987833452431579,777330
2500,say,VERB,8685289367999165211,743076,vemos,VERB,12055921169188878450,777330
2501,this,DET,1995909169258310477,743076,el,DET,11488171005156075516,777330
2502,.,PUNCT,12646065887601541794,743076,",",PUNCT,2593208677638477497,777330
2503,He,PRON,1692983299745037067,744983,cómo,PRON,8106224997027377807,777330
2504,said,VERB,17573686707662795042,744983,universo,NOUN,1776566726175763726,777330
2505,",",PUNCT,2593208677638477497,744983,",",PUNCT,2593208677638477497,779330
2506,"""",PUNCT,15884554869126768810,744983,",",PUNCT,2593208677638477497,779330
2507,It,PRON,7859011591137717335,744983,nuestros,DET,8277433627748971173,779330
2508,'s,AUX,16428057658620181782,744983,recursos,NOUN,1651610298600722578,779330
2509,always,ADV,17471638809377599778,744983,alrededor,ADV,11076579720992169911,779330
2510,important,ADJ,5951875591235763184,744983,nuestro,DET,6162416962808358642,779330
2511,to,PART,3791531372978436496,744983,dinero,NOUN,13356274629815975018,779330
2512,distinguish,VERB,1025273512777152759,744983,",",PUNCT,2593208677638477497,779330
2513,between,ADP,7508752285157982505,744983,nuestro,DET,6162416962808358642,781330
2514,chastity,NOUN,160215365023465339,744983,trabajo,NOUN,1376217758131583815,781330
2515,and,CCONJ,2283656566040971221,748220,todas,DET,16541400954320993806,781330
2516,impotence,NOUN,16474543469149940564,748220,minerales,NOUN,3084111195193514258,781330
2517,.,PUNCT,12646065887601541794,748220,",",PUNCT,2593208677638477497,781330
2518,"""",PUNCT,15884554869126768810,748220,",",PUNCT,2593208677638477497,781330
2519,Now,ADV,13923566239961886281,749830,esas,DET,10655423642715274542,781330
2520,--,PUNCT,10501404726543969396,749830,cosas,NOUN,399513973913231652,781330
2521,(,PUNCT,12638816674900267446,751039,que,SCONJ,11474801393294414462,783330
2522,Laughter,PROPN,9911806888783028371,751039,hay,AUX,7335652051276811590,783330
2523,),PUNCT,3842344029291005339,751039,en,ADP,14626626061804382878,783330
2524,I,PRON,4690420944186131903,753166,el,DET,11488171005156075516,783330
2525,want,VERB,7597692042947428029,753166,tenemos,VERB,15443725945600917365,785330
2526,to,PART,3791531372978436496,753166,mundo,NOUN,4571220300153094564,783330
2527,share,VERB,8233640825368986631,753166,trabajar,VERB,2960815299999526921,785330
2528,with,ADP,12510949447758279278,753166,con,ADP,6945313634251781056,785330
2529,you,PRON,7624161793554793053,753166,que,PRON,11474801393294414462,785330
2530,a,DET,11901859001352538922,753166,las,DET,6526950402091386798,785330
2531,little,ADJ,9778055143417507723,753166,que,SCONJ,11474801393294414462,785330
2532,equation,NOUN,4913803591805304302,753166,Pero,CONJ,3012608552889114327,787330
2533,",",PUNCT,2593208677638477497,753166,.,PUNCT,12646065887601541794,785330
2534,OK,ADJ,6850223518147840977,753166,importante,ADJ,3371823424964843453,787330
2535,?,PUNCT,8205403955989537350,753166,lo,DET,12507729120330568444,787330
2536,How,ADV,16762307017182994292,759000,más,ADV,13805553149795463782,787330
2537,does,AUX,1818273248662495384,759000,es,AUX,10343076919720641053,787330
2538,understanding,NOUN,1392792401359955612,759000,nuestra,DET,6434645427240457100,787330
2539,science,NOUN,15907409978124634296,759000,voluntad,NOUN,16274119129840956565,787330
2540,and,CCONJ,2283656566040971221,759000,.,PUNCT,12646065887601541794,787330
2541,the,DET,7425985699627899538,759000,nuestra,DET,6434645427240457100,789330
2542,arts,NOUN,10763589500099602820,759000,visión,NOUN,8070317420781559056,789330
2543,fit,VERB,6388973655490464457,759000,es,AUX,10343076919720641053,789330
2544,into,ADP,3278561384161438710,759000,del,ADP,14178434899903659559,791330
2545,our,DET,17577015140245084783,759000,nuestras,DET,6679197797458482381,789330
2546,lives,NOUN,11245784847398743405,759000,aspiraciones,NOUN,4540120136443878087,789330
2547,and,CCONJ,2283656566040971221,764221,",",PUNCT,2593208677638477497,789330
2548,what,PRON,5865838185239622912,764221,Esta,PRON,17550470709053160143,789330
2549,'s,AUX,16428057658620181782,764221,futuro,NOUN,817804706655085151,791330
2550,going,VERB,14242014708739787450,764221,",",PUNCT,2593208677638477497,791330
2551,on,ADP,5640369432778651323,764221,nuestras,DET,6679197797458482381,791330
2552,And,CCONJ,12172435438170721471,765400,esperanzas,NOUN,15476896326227388329,791330
2553,this,DET,1995909169258310477,765400,nuestros,DET,8277433627748971173,791330
2554,is,AUX,3411606890003347522,765400,",",PUNCT,2593208677638477497,791330
2555,a,DET,11901859001352538922,765400,nuestras,DET,6679197797458482381,793330
2556,little,ADJ,9778055143417507723,765400,",",PUNCT,2593208677638477497,791330
2557,thing,NOUN,2473243759842082748,765400,sueños,NOUN,3443507728606945643,791330
2558,I,PRON,4690420944186131903,765400,luchas,NOUN,9771236133924512017,793330
2559,came,VERB,15989513710403574752,765400,y,CONJ,9409450202036847209,793330
2560,up,ADP,2199259611705938403,765400,nuestros,DET,8277433627748971173,793330
2561,with,ADP,12510949447758279278,765400,temores,NOUN,15634623477148645741,793330
2562,:,PUNCT,11532473245541075862,765400,.,PUNCT,12646065887601541794,793330
2563,understanding,NOUN,1392792401359955612,770629,éxitos,NOUN,9124185100797303699,795330
2564,and,CCONJ,2283656566040971221,771820,y,CONJ,9409450202036847209,795330
2565,our,DET,17577015140245084783,771820,Nuestros,DET,12457880509333382541,795330
2566,resources,NOUN,7963278557988386651,771820,fracasos,NOUN,2540138237980669531,795330
2567,and,CCONJ,2283656566040971221,771820,afectan,VERB,15146813394588419679,795330
2568,our,DET,17577015140245084783,771820,lo,DET,12507729120330568444,797330
2569,will,NOUN,18307573501153647118,771820,que,PRON,11474801393294414462,797330
2570,cause,VERB,2309615733100196421,774174,hacemos,VERB,3144093053378516910,797330
2571,us,PRON,4950757572332304006,774174,ellos,PRON,4156363711017915908,797330
2572,to,PART,3791531372978436496,774174,con,ADP,6945313634251781056,797330
2573,have,AUX,14692702688101715474,774174,y,CONJ,9409450202036847209,797330
2574,outcomes,NOUN,16443208345299135245,774174,para,ADP,17491956544424926374,797330
2575,.,PUNCT,12646065887601541794,774174,",",PUNCT,2593208677638477497,797330
2576,Our,DET,10852253267983130536,775509,todos,DET,5361417614589746890,797330
2577,understanding,NOUN,1392792401359955612,775509,mí,PRON,12975109311118457898,797330
2578,is,AUX,3411606890003347522,775509,y,CONJ,9409450202036847209,799330
2579,our,DET,17577015140245084783,775509,el,DET,11488171005156075516,799330
2580,science,NOUN,15907409978124634296,775509,diseño,NOUN,1689742004673472932,799330
2581,",",PUNCT,2593208677638477497,775509,",",PUNCT,2593208677638477497,797330
2582,our,DET,17577015140245084783,775509,la,DET,6804705863737483857,799330
2583,arts,NOUN,10763589500099602820,775509,ingeniería,NOUN,12426777985176237944,799330
2584,",",PUNCT,2593208677638477497,775509,",",PUNCT,2593208677638477497,799330
2585,our,DET,17577015140245084783,775509,la,DET,6804705863737483857,799330
2586,religion,NOUN,2514927633298136137,775509,artesanía,NOUN,8839783697890883420,799330
2587,;,PUNCT,631425121691394544,775509,y,CONJ,9409450202036847209,799330
2588,how,ADV,16331095434822636218,778617,el,DET,11488171005156075516,801330
2589,we,PRON,16064069575701507746,778617,son,AUX,2555790282192608669,801330
2590,see,VERB,11925638236994514241,778617,calificado,ADJ,12357342847887533410,801330
2591,the,DET,7425985699627899538,778617,todas,DET,16541400954320993806,801330
2592,universe,NOUN,5558053471805935974,778617,trabajo,NOUN,1376217758131583815,801330
2593,around,ADP,3194226484742107227,778617,para,ADP,17491956544424926374,803330
2594,us,PRON,4950757572332304006,778617,que,PRON,11474801393294414462,801330
2595,;,PUNCT,631425121691394544,778617,funcionan,VERB,529716772703559592,801330
2596,our,DET,17577015140245084783,780976,las,DET,6526950402091386798,801330
2597,resources,NOUN,7963278557988386651,780976,cosas,NOUN,399513973913231652,801330
2598,",",PUNCT,2593208677638477497,780976,obtener,VERB,6767493588409465626,803330
2599,our,DET,17577015140245084783,780976,nuestro,DET,6162416962808358642,803330
2600,money,NOUN,14917444839815175757,780976,resultado,NOUN,9869816852786282562,803330
2601,",",PUNCT,2593208677638477497,780976,",",PUNCT,2593208677638477497,803330
2602,our,DET,17577015140245084783,780976,que,SCONJ,11474801393294414462,805330
2603,labor,NOUN,2036527799643753442,780976,calidad,NOUN,13580979324352399211,805330
2604,",",PUNCT,2593208677638477497,780976,es,AUX,10343076919720641053,805330
2605,our,DET,17577015140245084783,780976,nuestra,DET,6434645427240457100,805330
2606,minerals,NOUN,6151313553213182493,780976,humana,ADJ,11527463316918056558,805330
2607,--,PUNCT,10501404726543969396,780976,.,PUNCT,12646065887601541794,805330
2608,those,DET,5224941539530611462,783697,de,ADP,11144093025662894627,805330
2609,things,NOUN,3586418546468265269,783697,vida,NOUN,16889263832523057820,805330
2610,that,DET,4380130941430378203,783697,¿,PUNCT,3095673970880011110,808330
2611,are,AUX,5012629990875267006,783697,esté,AUX,18016686003495507154,808330
2612,out,ADV,1696981056005371314,783697,que,SCONJ,11474801393294414462,808330
2613,there,ADV,2112642640949226496,783697,queremos,VERB,13823187890429037213,808330
2614,in,ADP,3002984154512732771,783697,En,ADP,11159992760278512227,808330
2615,the,DET,7425985699627899538,783697,el,DET,11488171005156075516,808330
2616,world,NOUN,1703489418272052182,783697,mundo,NOUN,4571220300153094564,808330
2617,we,PRON,16064069575701507746,783697,dónde,PRON,6856878951636379398,808330
2618,have,AUX,14692702688101715474,783697,?,PUNCT,8205403955989537350,808330
2619,to,PART,3791531372978436496,783697,Y,CONJ,16961793518281001049,810330
2620,work,VERB,10038440415813069799,783697,adivinen,VERB,5351278449181695985,810330
2621,with,ADP,12510949447758279278,783697,Sin,ADP,16989565700622806292,812330
2622,.,PUNCT,12646065887601541794,783697,¿,PUNCT,3095673970880011110,810330
2623,But,CCONJ,18004243461113809161,786885,qué,PRON,2438889091638947136,810330
2624,more,ADV,2160362229054775535,786885,cómo,PRON,8106224997027377807,812330
2625,importantly,ADV,10308053565343489109,786885,importar,VERB,1459505933538099569,812330
2626,",",PUNCT,2593208677638477497,786885,?,PUNCT,8205403955989537350,810330
2627,there,PRON,2112642640949226496,786885,esto,PRON,1761747332550045118,812330
2628,'s,AUX,16428057658620181782,786885,miremos,VERB,1864173347405702037,812330
2629,our,DET,17577015140245084783,786885,pensamos,VERB,1621219203374301082,812330
2630,will,NOUN,18307573501153647118,786885,si,SCONJ,13884469947995795204,812330
2631,.,PUNCT,12646065887601541794,786885,",",PUNCT,2593208677638477497,812330
2632,This,DET,12943039165150086467,789532,que,SCONJ,11474801393294414462,812330
2633,is,AUX,3411606890003347522,789532,están,AUX,9329291831938041508,814330
2634,our,DET,17577015140245084783,789532,las,DET,6526950402091386798,814330
2635,vision,NOUN,13805421583668193750,789532,artes,NOUN,15604860080890534770,814330
2636,",",PUNCT,2593208677638477497,789532,y,CONJ,9409450202036847209,814330
2637,our,DET,17577015140245084783,790725,las,DET,6526950402091386798,814330
2638,aspirations,NOUN,4530519550901428373,790725,ciencias,NOUN,3502711777541729010,814330
2639,of,ADP,886050111519832510,790725,separadas,ADJ,11399723350776875924,814330
2640,the,DET,7425985699627899538,790725,o,CONJ,1489474827855109852,814330
2641,future,NOUN,17783898315335276456,790725,son,AUX,2555790282192608669,814330
2642,",",PUNCT,2593208677638477497,790725,",",PUNCT,2593208677638477497,816330
2643,our,DET,17577015140245084783,790725,distintas,ADJ,5112639870051864174,816330
2644,hopes,NOUN,1715949862462634710,790725,ambas,NUM,15048420896707103075,816330
2645,",",PUNCT,2593208677638477497,790725,están,AUX,9329291831938041508,816330
2646,our,DET,17577015140245084783,790725,siendo,AUX,15257982116589381082,816330
2647,dreams,NOUN,17801460365158245434,790725,afectadas,AUX,16009565683013657513,816330
2648,",",PUNCT,2593208677638477497,790725,en,ADP,14626626061804382878,816330
2649,our,DET,17577015140245084783,793338,este,DET,15654890294676217493,816330
2650,struggles,NOUN,8019417461833742243,793338,momento,NOUN,7830912342853916375,818330
2651,and,CCONJ,2283656566040971221,793338,y,CONJ,9409450202036847209,818330
2652,our,DET,17577015140245084783,793338,ambas,NUM,15048420896707103075,818330
2653,fears,NOUN,15929998767675789430,793338,están,AUX,9329291831938041508,818330
2654,.,PUNCT,12646065887601541794,793338,.,PUNCT,12646065887601541794,818330
2655,Our,DET,10852253267983130536,794743,a,ADP,11901859001352538922,820330
2656,successes,NOUN,8232375584934804111,794743,problemas,NOUN,9800059711726938999,818330
2657,and,CCONJ,2283656566040971221,794743,Llevé,ADV,11304507264973455579,820330
2658,our,DET,17577015140245084783,794743,un,DET,12188161997964598936,820330
2659,failures,NOUN,12444713038111778282,794743,cabo,NOUN,16258431100938052945,820330
2660,influence,VERB,6113139012427377515,794743,teniendo,VERB,9836705826421508618,818330
2661,what,PRON,5865838185239622912,794743,proyecto,NOUN,14521790044710818011,820330
2662,we,PRON,16064069575701507746,794743,llamado,ADJ,4401260743266037576,820330
2663,do,AUX,2158845516055552166,794743,S.E.E.ing,PROPN,7405181517537168136,820330
2664,with,ADP,12510949447758279278,794743,in,ADP,3002984154512732771,820330
2665,all,DET,13409319323822384369,794743,the,PROPN,7425985699627899538,820330
2666,of,ADP,886050111519832510,794743,Future,PROPN,15575811953300144956,820330
2667,those,DET,5224941539530611462,794743,Science,PROPN,10994862047350104265,820330
2668,.,PUNCT,12646065887601541794,794743,:,PUNCT,11532473245541075862,820330
2669,And,CCONJ,12172435438170721471,798466,Engineering,PROPN,17806784801972435463,820330
2670,to,ADP,3791531372978436496,798466,hacia,ADP,7757292051082942970,822330
2671,me,PRON,18197037023634208128,798466,and,PROPN,2283656566040971221,820330
2672,",",PUNCT,2593208677638477497,798466,",",PUNCT,2593208677638477497,820330
2673,design,NOUN,4105053907530138126,798466,Education,PROPN,5427804968328822724,820330
2674,and,CCONJ,2283656566040971221,798466,Viendo,PROPN,395945003319110714,822330
2675,engineering,NOUN,5835438034023771766,798466,ciencias,NOUN,3502711777541729010,822330
2676,",",PUNCT,2593208677638477497,798466,(,PUNCT,12638816674900267446,822330
2677,craftsmanship,NOUN,8387626545232706981,798466,futuro,NOUN,817804706655085151,822330
2678,and,CCONJ,2283656566040971221,798466,:,PUNCT,11532473245541075862,822330
2679,skilled,ADJ,16491804632138661363,798466,",",PUNCT,2593208677638477497,822330
2680,labor,NOUN,2036527799643753442,798466,ingeniería,NOUN,12426777985176237944,822330
2681,",",PUNCT,2593208677638477497,798466,),PUNCT,3842344029291005339,822330
2682,are,AUX,5012629990875267006,802611,y,CONJ,9409450202036847209,822330
2683,all,DET,13409319323822384369,802611,el,DET,11488171005156075516,822330
2684,the,DET,7425985699627899538,802611,acerca,ADV,4355306406960221317,824330
2685,things,NOUN,3586418546468265269,802611,educación,NOUN,16877568493169718318,822330
2686,that,DET,4380130941430378203,802611,de,ADP,11144093025662894627,824330
2687,work,VERB,10038440415813069799,802611,usar,VERB,10841222263501392999,824330
2688,on,ADP,5640369432778651323,802611,de,ADP,11144093025662894627,824330
2689,this,DET,1995909169258310477,802611,cómo,PRON,8106224997027377807,824330
2690,to,PART,3791531372978436496,802611,manera,NOUN,498987833452431579,824330
2691,have,AUX,14692702688101715474,802611,más,ADV,13805553149795463782,824330
2692,our,DET,17577015140245084783,802611,efectiva,ADJ,17682728772631828807,826330
2693,outcome,NOUN,12603731698173853937,802611,fondos,NOUN,5923926562502824961,826330
2694,",",PUNCT,2593208677638477497,802611,.,PUNCT,12646065887601541794,826330
2695,which,DET,7063653163634019529,805809,los,DET,7307884290799599686,826330
2696,is,AUX,3411606890003347522,805809,Tenemos,VERB,5367294043555675997,828330
2697,our,DET,17577015140245084783,805809,un,DET,12188161997964598936,828330
2698,human,ADJ,5674190450704392893,805809,gubernamentales,ADJ,5146026720039762,826330
2699,quality,NOUN,8617680374120575546,805809,grupo,NOUN,12259733788485081228,828330
2700,of,ADP,886050111519832510,805809,de,ADP,11144093025662894627,828330
2701,life,NOUN,16477424308483498569,805809,científicos,NOUN,9068354635756926713,828330
2702,.,PUNCT,12646065887601541794,805809,en,ADP,14626626061804382878,828330
2703,Where,ADV,6539347107179132,808397,distintos,DET,11352846191161323245,828330
2704,do,AUX,2158845516055552166,808397,niveles,NOUN,4747609163236994537,828330
2705,we,PRON,16064069575701507746,808397,en,ADP,14626626061804382878,828330
2706,want,VERB,7597692042947428029,808397,Llegaron,VERB,2162933076308144071,830330
2707,the,DET,7425985699627899538,808397,sus,DET,11087495102510657763,828330
2708,world,NOUN,1703489418272052182,808397,profesiones,NOUN,10910231102336075700,830330
2709,to,PART,3791531372978436496,808397,Dartmouth,PROPN,12554301067663260138,830330
2710,be,AUX,10382539506755952630,808397,a,ADP,11901859001352538922,830330
2711,?,PUNCT,8205403955989537350,808397,.,PUNCT,12646065887601541794,830330
2712,And,CCONJ,12172435438170721471,810776,College,PROPN,16706974820187262499,832330
2713,guess,VERB,1399273842756378753,810776,enseñaba,VERB,12937179308372294505,832330
2714,what,PRON,5865838185239622912,810776,donde,PRON,15978451798512932743,832330
2715,?,PUNCT,8205403955989537350,810776,",",PUNCT,2593208677638477497,832330
2716,Regardless,ADV,12959610061789801890,811967,",",PUNCT,2593208677638477497,832330
2717,of,ADP,886050111519832510,811967,en,ADP,14626626061804382878,832330
2718,how,ADV,16331095434822636218,811967,y,CONJ,9409450202036847209,832330
2719,we,PRON,16064069575701507746,811967,yo,PRON,8387856443177761115,832330
2720,look,VERB,16096726548953279178,811967,hablaron,VERB,12290212569839940250,834330
2721,at,ADP,11667289587015813222,811967,con,ADP,6945313634251781056,834330
2722,this,DET,1995909169258310477,811967,teólogos,NOUN,826076257983066422,834330
2723,",",PUNCT,2593208677638477497,811967,y,CONJ,9409450202036847209,834330
2724,whether,SCONJ,4099315622432746663,813639,financistas,NOUN,13706787801940984850,834330
2725,we,PRON,16064069575701507746,813639,de,ADP,11144093025662894627,836330
2726,look,VERB,16096726548953279178,813639,algunos,DET,8203652649733001954,836330
2727,at,ADP,11667289587015813222,813639,de,ADP,11144093025662894627,836330
2728,arts,NOUN,10763589500099602820,813639,problemas,NOUN,9800059711726938999,836330
2729,and,CCONJ,2283656566040971221,813639,la,DET,6804705863737483857,836330
2730,sciences,NOUN,17229130392928749018,813639,financiación,NOUN,4239626776006474496,836330
2731,as,ADV,7437575085468336610,813639,pública,PROPN,3412695260386240264,838330
2732,separate,ADJ,579709752623435053,813639,para,ADP,17491956544424926374,838330
2733,or,CCONJ,3740602843040177340,813639,la,DET,6804705863737483857,838330
2734,different,ADJ,17379251038783395147,813639,investigación,NOUN,16030947927976855352,838330
2735,",",PUNCT,2593208677638477497,813639,de,ADP,11144093025662894627,838330
2736,they,PRON,16875582379069451158,816620,la,DET,6804705863737483857,838330
2737,'re,AUX,523464648099722843,816620,ingeniería,NOUN,12426777985176237944,838330
2738,both,DET,7111508780595485950,816620,la,DET,6804705863737483857,840330
2739,being,AUX,3899131925553995529,816620,y,CONJ,9409450202036847209,840330
2740,influenced,VERB,11577216848695380383,816620,ciencia,NOUN,7755546493683470704,840330
2741,now,ADV,17157488710739566268,816620,.,PUNCT,12646065887601541794,840330
2742,and,CCONJ,2283656566040971221,816620,¿,PUNCT,3095673970880011110,840330
2743,they,PRON,16875582379069451158,816620,Qué,PRON,15959444434087193889,840330
2744,'re,AUX,523464648099722843,816620,es,AUX,10343076919720641053,840330
2745,both,DET,7111508780595485950,816620,lo,DET,12507729120330568444,840330
2746,having,VERB,8813345386932560795,816620,más,ADV,13805553149795463782,840330
2747,problems,NOUN,12400684381872086361,816620,importante,ADJ,3371823424964843453,840330
2748,.,PUNCT,12646065887601541794,816620,?,PUNCT,8205403955989537350,840330
2749,I,PRON,4690420944186131903,819869,esto,PRON,1761747332550045118,840330
2750,did,AUX,13583488448875926965,819869,de,ADP,11144093025662894627,840330
2751,a,DET,11901859001352538922,819869,algunas,PRON,4272547645188157321,842330
2752,project,NOUN,10994073736148868485,819869,que,SCONJ,11474801393294414462,842330
2753,called,VERB,3125235652374451650,819869,Creo,VERB,874957062316343905,842330
2754,S.E.E.ing,VERB,7405181517537168136,819869,de,ADP,11144093025662894627,842330
2755,the,DET,7425985699627899538,819869,las,DET,6526950402091386798,842330
2756,Future,NOUN,15575811953300144956,819869,ideas,NOUN,3601960780694130587,842330
2757,:,PUNCT,11532473245541075862,819869,que,PRON,11474801393294414462,842330
2758,Science,PROPN,10994862047350104265,821982,surgieron,VERB,17336799285365103456,842330
2759,",",PUNCT,2593208677638477497,821982,tienen,VERB,2033244237142066090,844330
2760,Engineering,PROPN,17806784801972435463,821982,paralelos,NOUN,486061443580761729,844330
2761,and,CCONJ,2283656566040971221,821982,poderosos,ADJ,12703488379314144605,844330
2762,Education,PROPN,5427804968328822724,821982,las,DET,6526950402091386798,846330
2763,.,PUNCT,12646065887601541794,821982,.,PUNCT,12646065887601541794,846330
2764,It,PRON,7859011591137717335,823703,que,PRON,11474801393294414462,846330
2765,was,AUX,9921686513378912864,823703,fue,AUX,6922200418372124953,846330
2766,looking,VERB,15185124772021413096,823703,Lo,DET,3892584616005055440,846330
2767,at,ADP,11667289587015813222,823703,con,ADP,6945313634251781056,844330
2768,how,ADV,16331095434822636218,823703,primero,ADJ,7162451540303751705,846330
2769,to,PART,3791531372978436496,823703,que,SCONJ,11474801393294414462,846330
2770,shed,VERB,7776465803266378964,823703,dijeron,VERB,5253051544255091778,846330
2771,light,NOUN,6098669707108623374,823703,artes,NOUN,15604860080890534770,846330
2772,on,ADP,5640369432778651323,825433,en,ADP,14626626061804382878,848330
2773,the,DET,7425985699627899538,825433,las,DET,6526950402091386798,848330
2774,most,ADV,11104729984170784471,825433,hoy,ADV,13035178216107647832,850330
2775,effective,ADJ,12183215790900673582,825433,las,DET,6526950402091386798,848330
2776,use,NOUN,6873750497785110593,825433,circunstancias,NOUN,15687139787454441685,848330
2777,of,ADP,886050111519832510,825433,en,ADP,14626626061804382878,850330
2778,government,NOUN,3625794390087546215,825433,las,DET,6526950402091386798,850330
2779,funding,NOUN,3726624177514968955,825433,ciencias,NOUN,3502711777541729010,850330
2780,.,PUNCT,12646065887601541794,825433,",",PUNCT,2593208677638477497,850330
2781,We,PRON,15667417291854480293,827726,que,PRON,11474801393294414462,848330
2782,got,VERB,12579384389446384672,827726,estamos,VERB,1184969735604598245,848330
2783,a,DET,11901859001352538922,827726,la,DET,6804705863737483857,850330
2784,bunch,NOUN,16097686030507304001,827726,ingeniería,NOUN,12426777985176237944,850330
2785,of,ADP,886050111519832510,827726,y,CONJ,9409450202036847209,850330
2786,scientists,NOUN,15048473210916948367,827726,que,SCONJ,11474801393294414462,852330
2787,in,ADP,3002984154512732771,827726,nos,PRON,6968452539944589995,852330
2788,all,DET,13409319323822384369,827726,mundiales,ADJ,16031982025025575683,852330
2789,stages,NOUN,17479088318737408227,827726,líderes,NOUN,377312566753649555,852330
2790,of,ADP,886050111519832510,827726,a,ADP,11901859001352538922,854330
2791,their,DET,4244585616942201722,827726,las,DET,6526950402091386798,854330
2792,careers,NOUN,6010193080150582376,827726,es,AUX,10343076919720641053,852330
2793,.,PUNCT,12646065887601541794,827726,",",PUNCT,2593208677638477497,852330
2794,They,PRON,14947529218328092544,830616,diferente,ADJ,10543369794962640264,852330
2795,came,VERB,15989513710403574752,830616,hicieron,VERB,16050894035855155684,852330
2796,to,ADP,3791531372978436496,830616,de,ADP,11144093025662894627,854330
2797,Dartmouth,PROPN,12554301067663260138,830616,los,DET,7307884290799599686,854330
2798,College,PROPN,16706974820187262499,830616,años,NOUN,8746864843512539013,854330
2799,",",PUNCT,2593208677638477497,830616,",",PUNCT,2593208677638477497,854330
2800,where,ADV,16318918034475841628,830616,muy,ADV,16868253375141016776,852330
2801,I,PRON,4690420944186131903,830616,40,NUM,5087266072664039774,854330
2802,was,AUX,9921686513378912864,830616,50,NUM,16774477578904899363,854330
2803,teaching,VERB,14762733713147723012,830616,60,NUM,16466213119388437777,854330
2804,.,PUNCT,12646065887601541794,830616,",",PUNCT,2593208677638477497,854330
2805,And,CCONJ,12172435438170721471,833138,y,CONJ,9409450202036847209,857330
2806,they,PRON,16875582379069451158,833138,70,NUM,17272628333277205899,857330
2807,talked,VERB,10338552042821670133,833138,surgimos,VERB,4055613088953078835,857330
2808,about,ADP,942632335873952620,833138,cuando,SCONJ,10847943810515898149,857330
2809,",",PUNCT,2593208677638477497,833138,",",PUNCT,2593208677638477497,857330
2810,with,ADP,12510949447758279278,833138,como,SCONJ,3817173063683202752,859330
2811,theologians,NOUN,13049726301219750712,833138,líderes,NOUN,377312566753649555,859330
2812,and,CCONJ,2283656566040971221,833138,mundiales,ADJ,16031982025025575683,859330
2813,financiers,NOUN,1522826811447229493,833138,pues,SCONJ,7158916556456798928,859330
2814,:,PUNCT,11532473245541075862,833138,",",PUNCT,2593208677638477497,859330
2815,What,PRON,5931147113347055926,835798,ya,ADV,7831648150548777939,859330
2816,are,AUX,5012629990875267006,835798,no,ADV,13055779130471031426,859330
2817,some,DET,7000492816108906599,835798,competimos,VERB,1016666642854249526,859330
2818,of,ADP,886050111519832510,835798,con,ADP,6945313634251781056,861330
2819,the,DET,7425985699627899538,835798,el,DET,11488171005156075516,861330
2820,issues,NOUN,12931238529352173609,835798,fascismo,NOUN,14343056642387764541,861330
2821,of,ADP,886050111519832510,835798,o,CONJ,1489474827855109852,861330
2822,public,ADJ,12612542014536453279,835798,estilo,ADJ,10722492806914000687,861330
2823,funding,NOUN,3726624177514968955,835798,comunismo,NOUN,12732958121517864896,861330
2824,for,ADP,16037325823156266367,837947,el,DET,11488171005156075516,861330
2825,science,NOUN,15907409978124634296,837947,soviético,ADJ,16569199336552038650,863330
2826,and,CCONJ,2283656566040971221,837947,.,PUNCT,12646065887601541794,863330
2827,engineering,NOUN,5835438034023771766,837947,cierto,ADJ,7125988886725757465,863330
2828,research,NOUN,4129690550177407157,837947,competencia,NOUN,16608270090491412666,865330
2829,?,PUNCT,8205403955989537350,837947,",",PUNCT,2593208677638477497,863330
2830,What,PRON,5931147113347055926,839795,esa,DET,12150002208949237779,865330
2831,'s,AUX,16428057658620181782,839795,fue,AUX,6922200418372124953,865330
2832,most,ADV,11104729984170784471,839795,no,ADV,13055779130471031426,865330
2833,important,ADJ,5951875591235763184,839795,solo,ADJ,3505255310390259426,865330
2834,about,ADP,942632335873952620,839795,Por,ADP,623830814368950614,863330
2835,it,PRON,10239237003504588839,839795,militar,ADJ,15947206581554085716,865330
2836,?,PUNCT,8205403955989537350,839795,",",PUNCT,2593208677638477497,865330
2837,There,PRON,6090035477591592277,842068,también,ADV,18236539777431520510,867330
2838,are,AUX,5012629990875267006,842068,era,AUX,7478797442728669872,867330
2839,some,DET,7000492816108906599,842068,social,ADJ,7479279373136274171,867330
2840,ideas,NOUN,3601960780694130587,842068,política,NOUN,5500488380130415444,869330
2841,that,DET,4380130941430378203,842068,y,CONJ,9409450202036847209,869330
2842,emerged,VERB,16210236192212454660,842068,.,PUNCT,12646065887601541794,869330
2843,that,SCONJ,4380130941430378203,843696,Eso,PRON,4568893308372095616,871330
2844,I,PRON,4690420944186131903,843696,nos,PRON,6968452539944589995,871330
2845,think,VERB,16875814820671380748,843696,permitió,VERB,13556241722705119151,871330
2846,have,AUX,14692702688101715474,843696,mirar,VERB,14108008768878450033,871330
2847,really,ADV,14653600329166397554,843696,al,ADP,8222700718889469974,871330
2848,powerful,ADJ,12699150645881488834,843696,como,SCONJ,3817173063683202752,873330
2849,parallels,NOUN,9222269571439046887,843696,espacio,NOUN,794562246875068945,871330
2850,to,ADP,3791531372978436496,843696,de,ADP,11144093025662894627,873330
2851,the,DET,7425985699627899538,843696,esas,DET,10655423642715274542,873330
2852,arts,NOUN,10763589500099602820,843696,plataformas,NOUN,2571403710543884543,873330
2853,.,PUNCT,12646065887601541794,843696,para,ADP,17491956544424926374,873330
2854,The,DET,5059648917813135842,846368,nuestro,DET,6162416962808358642,875330
2855,first,ADJ,11860158879560853892,846368,social,ADJ,7479279373136274171,875330
2856,thing,NOUN,2473243759842082748,846368,sistema,NOUN,18094805209063698905,875330
2857,they,PRON,16875582379069451158,846368,una,PRON,1019041181156623609,873330
2858,said,VERB,17573686707662795042,846368,probar,VERB,11377251402913568174,873330
2859,was,AUX,9921686513378912864,846368,era,AUX,7478797442728669872,875330
2860,that,SCONJ,4380130941430378203,846368,que,SCONJ,11474801393294414462,875330
2861,the,DET,7425985699627899538,846368,Otra,DET,11718761595567749513,878330
2862,circumstances,NOUN,890201338137466136,846368,mejor,ADJ,14725428618395848736,875330
2863,that,SCONJ,4380130941430378203,848892,.,PUNCT,12646065887601541794,875330
2864,we,PRON,16064069575701507746,848892,la,DET,6804705863737483857,878330
2865,find,VERB,16574616920585318162,848892,hablaron,VERB,12290212569839940250,878330
2866,ourselves,PRON,7702237170018417328,848892,que,PRON,11474801393294414462,878330
2867,in,ADP,3002984154512732771,848892,de,ADP,11144093025662894627,878330
2868,today,NOUN,11042482332948150395,848892,cosa,NOUN,11934660320765595756,878330
2869,in,ADP,3002984154512732771,848892,fue,AUX,6922200418372124953,878330
2870,the,DET,7425985699627899538,848892,la,DET,6804705863737483857,880330
2871,sciences,NOUN,17229130392928749018,848892,infraestructura,NOUN,13171967733335729602,880330
2872,and,CCONJ,2283656566040971221,848892,que,SCONJ,11474801393294414462,880330
2873,engineering,NOUN,5835438034023771766,848892,apoyo,NOUN,12687196205169015820,880330
2874,that,DET,4380130941430378203,852314,las,DET,6526950402091386798,880330
2875,made,VERB,7136294487848412980,852314,da,VERB,17784187696877778905,880330
2876,us,PRON,4950757572332304006,852314,que,PRON,11474801393294414462,880330
2877,world,NOUN,1703489418272052182,852314,a,ADP,11901859001352538922,880330
2878,leaders,NOUN,7384906852270314156,852314,ciencias,NOUN,3502711777541729010,880330
2879,are,AUX,5012629990875267006,853917,está,AUX,4858725201161983290,882330
2880,very,ADV,9548244504980166557,853917,se,PRON,9839690450034771972,882330
2881,different,ADJ,17379251038783395147,853917,volviendo,VERB,4803932279129672022,882330
2882,than,SCONJ,10794458019344880855,853917,Miramos,VERB,4162868562112285658,882330
2883,the,DET,7425985699627899538,853917,.,PUNCT,12646065887601541794,882330
2884,',NOUN,11221368173670222813,853917,obsoleta,NOUN,446248735159631947,882330
2885,40s,NOUN,10947575101973423542,853917,a,ADP,11901859001352538922,882330
2886,",",PUNCT,2593208677638477497,853917,",",PUNCT,2593208677638477497,884330
2887,the,DET,7425985699627899538,853917,las,DET,6526950402091386798,882330
2888,',NOUN,11221368173670222813,853917,universidades,NOUN,12498278444671044868,884330
2889,50s,NOUN,10143280328752741383,853917,universidades,NOUN,12498278444671044868,884330
2890,",",PUNCT,2593208677638477497,853917,",",PUNCT,2593208677638477497,884330
2891,and,CCONJ,2283656566040971221,853917,comunitarias,ADJ,15099039276221779580,884330
2892,the,DET,7425985699627899538,853917,pequeñas,ADJ,4251861159499588959,884330
2893,',NOUN,11221368173670222813,853917,y,CONJ,9409450202036847209,884330
2894,60s,NOUN,7597356026394865070,853917,grandes,ADJ,3923687001980770117,887330
2895,and,CCONJ,2283656566040971221,853917,",",PUNCT,2593208677638477497,887330
2896,the,DET,7425985699627899538,853917,todo,DET,1039296168925561739,887330
2897,',NOUN,11221368173670222813,853917,en,ADP,14626626061804382878,887330
2898,70s,NOUN,3272607140637681241,853917,país,NOUN,2033301830869377336,887330
2899,",",PUNCT,2593208677638477497,853917,",",PUNCT,2593208677638477497,887330
2900,when,ADV,15807309897752499399,859198,el,DET,11488171005156075516,887330
2901,we,PRON,16064069575701507746,859198,y,CONJ,9409450202036847209,887330
2902,emerged,VERB,16210236192212454660,859198,vemos,VERB,12055921169188878450,887330
2903,as,SCONJ,7437575085468336610,859198,que,SCONJ,11474801393294414462,887330
2904,world,NOUN,1703489418272052182,859198,sus,DET,11087495102510657763,889330
2905,leaders,NOUN,7384906852270314156,859198,laboratorios,NOUN,7372647326641822504,889330
2906,",",PUNCT,2593208677638477497,859198,",",PUNCT,2593208677638477497,889330
2907,because,SCONJ,16950148841647037698,860834,volviendo,VERB,4803932279129672022,889330
2908,we,PRON,16064069575701507746,860834,se,PRON,9839690450034771972,889330
2909,'re,AUX,523464648099722843,860834,están,AUX,9329291831938041508,889330
2910,no,ADV,13055779130471031426,860834,y,CONJ,9409450202036847209,892330
2911,longer,ADV,2041435544530518504,860834,aquí,ADV,11304695278136339124,892330
2912,in,ADP,3002984154512732771,860834,es,AUX,10343076919720641053,892330
2913,competition,NOUN,4661638505416061516,860834,obsoletos,NOUN,609647485305227130,889330
2914,with,ADP,12510949447758279278,860834,en,ADP,14626626061804382878,892330
2915,fascism,NOUN,3037639118846713916,860834,donde,PRON,15978451798512932743,892330
2916,",",PUNCT,2593208677638477497,860834,preparamos,VERB,1597533270718823782,892330
2917,with,ADP,12510949447758279278,863311,a,ADP,11901859001352538922,892330
2918,Soviet,ADJ,8205304903348075350,863311,científicos,ADJ,9068354635756926713,894330
2919,-,PUNCT,9153284864653046197,863311,la,DET,6804705863737483857,892330
2920,style,NOUN,11923606697255677998,863311,mayoría,NOUN,11657265007317695557,892330
2921,communism,NOUN,13158518797042992672,863311,trabajadores,NOUN,7250126288435742678,894330
2922,.,PUNCT,12646065887601541794,863311,",",PUNCT,2593208677638477497,894330
2923,And,CCONJ,12172435438170721471,864730,e,CONJ,1720370409040345145,894330
2924,by,ADP,16764210730586636600,864730,de,ADP,11144093025662894627,892330
2925,the,DET,7425985699627899538,864730,nuestros,DET,8277433627748971173,894330
2926,way,NOUN,6878210874361030284,864730,investigadores,NOUN,18364515335588129803,894330
2927,",",PUNCT,2593208677638477497,864730,",",PUNCT,2593208677638477497,896330
2928,that,DET,4380130941430378203,864730,nuestros,DET,8277433627748971173,896330
2929,competition,NOUN,4661638505416061516,864730,por,ADP,18244196334509357400,896330
2930,was,AUX,9921686513378912864,864730,y,CONJ,9409450202036847209,896330
2931,n't,PART,2043519015752540944,864730,",",PUNCT,2593208677638477497,896330
2932,just,ADV,7148522813498185515,864730,a,ADP,11901859001352538922,896330
2933,military,ADJ,15576488127472041145,864730,cierto,ADJ,7125988886725757465,896330
2934,;,PUNCT,631425121691394544,864730,.,PUNCT,12646065887601541794,896330
2935,it,PRON,10239237003504588839,868126,que,PRON,11474801393294414462,898330
2936,included,VERB,9832579298474638421,868126,apoyan,VERB,5719417893987920712,900330
2937,social,ADJ,7479279373136274171,868126,Hay,AUX,5266732711504564964,898330
2938,competition,NOUN,4661638505416061516,868126,medios,NOUN,8252448307256786886,898330
2939,and,CCONJ,2283656566040971221,868126,maestros,NOUN,10627300251155226298,896330
2940,political,ADJ,9567566283787582894,868126,la,DET,6804705863737483857,900330
2941,competition,NOUN,4661638505416061516,868126,diseminación,NOUN,12857241991489946493,900330
2942,as,ADV,7437575085468336610,868126,únicamente,ADV,15886704215788492024,900330
2943,well,ADV,4525988469032889948,868126,más,ADV,13805553149795463782,902330
2944,",",PUNCT,2593208677638477497,868126,.,PUNCT,12646065887601541794,902330
2945,that,DET,4380130941430378203,872583,la,DET,6804705863737483857,902330
2946,allowed,VERB,1671592562942695594,872583,información,NOUN,1261446803759541272,902330
2947,us,PRON,4950757572332304006,872583,mundana,ADJ,7719454831721346417,902330
2948,to,PART,3791531372978436496,872583,e,CONJ,1720370409040345145,902330
2949,look,VERB,16096726548953279178,872583,inane,PROPN,13536169743824067552,902330
2950,at,ADP,11667289587015813222,872583,de,ADP,11144093025662894627,900330
2951,space,NOUN,14527154806029863691,872583,pseudociencia,NOUN,3343946033816123562,904330
2952,as,SCONJ,7437575085468336610,872583,Está,AUX,9379993730034426059,904330
2953,one,NUM,17454115351911680600,872583,llamada,ADJ,16856865464941430323,904330
2954,of,ADP,886050111519832510,872583,de,ADP,11144093025662894627,904330
2955,those,DET,5224941539530611462,872583,la,DET,6804705863737483857,904330
2956,platforms,NOUN,6284162418200660994,872583,círculos,NOUN,6313337679984739868,904330
2957,to,PART,3791531372978436496,876215,",",PUNCT,2593208677638477497,904330
2958,prove,VERB,399934402694764748,876215,los,DET,7307884290799599686,904330
2959,that,SCONJ,4380130941430378203,876215,",",PUNCT,2593208677638477497,904330
2960,our,DET,17577015140245084783,876215,la,DET,6804705863737483857,906330
2961,social,ADJ,7479279373136274171,876215,autopsia,PROPN,8472469889403220615,906330
2962,system,NOUN,16001232513058686804,876215,cosechas,NOUN,15271956988180027220,904330
2963,was,AUX,9921686513378912864,876215,alienígena,PROPN,269304095851925720,906330
2964,better,ADJ,13468287115010965206,876215,embrujadas,ADJ,8781487670874417215,906330
2965,.,PUNCT,12646065887601541794,876215,",",PUNCT,2593208677638477497,906330
2966,Another,DET,7281588815941221186,878580,las,DET,6526950402091386798,906330
2967,thing,NOUN,2473243759842082748,878580,casas,NOUN,7955947236428852012,906330
2968,they,PRON,16875582379069451158,878580,Eso,PRON,4568893308372095616,908330
2969,talked,VERB,10338552042821670133,878580,o,CONJ,1489474827855109852,908330
2970,about,ADP,942632335873952620,878580,",",PUNCT,2593208677638477497,906330
2971,was,AUX,9921686513378912864,878580,es,AUX,10343076919720641053,908330
2972,that,SCONJ,4380130941430378203,878580,.,PUNCT,12646065887601541794,908330
2973,the,DET,7425985699627899538,878580,los,DET,7307884290799599686,908330
2974,infrastructure,NOUN,13487188172951704926,878580,desastres,NOUN,6625444650554225741,908330
2975,that,DET,4380130941430378203,881921,lo,DET,12507729120330568444,908330
2976,supports,VERB,9557937933792687684,881921,vemos,VERB,12055921169188878450,908330
2977,the,DET,7425985699627899538,881921,la,DET,6804705863737483857,911330
2978,sciences,NOUN,17229130392928749018,881921,que,PRON,11474801393294414462,908330
2979,is,AUX,3411606890003347522,883290,es,AUX,10343076919720641053,911330
2980,becoming,VERB,3269375329084901678,883290,no,ADV,13055779130471031426,911330
2981,obsolete,ADJ,17200902361489886764,883290,realmente,ADV,13453105967711789301,911330
2982,.,PUNCT,12646065887601541794,883290,.,PUNCT,12646065887601541794,908330
2983,We,PRON,15667417291854480293,884612,Esa,PRON,8839463725880303103,911330
2984,look,VERB,16096726548953279178,884612,necesita,VERB,15789300079159946304,913330
2985,at,ADP,11667289587015813222,884612,para,ADP,17491956544424926374,913330
2986,universities,NOUN,11331706294240755208,884612,información,NOUN,1261446803759541272,911330
2987,and,CCONJ,2283656566040971221,884612,que,SCONJ,11474801393294414462,913330
2988,colleges,NOUN,1798525721372658804,884612,uno,PRON,8171375619591740969,913330
2989,--,PUNCT,10501404726543969396,884612,funcionar,VERB,15914192142941099050,913330
2990,small,ADJ,16938367552274787525,887132,en,ADP,14626626061804382878,913330
2991,",",PUNCT,2593208677638477497,887132,el,DET,11488171005156075516,913330
2992,mid,ADJ,17101873276464180665,887132,día,NOUN,10320613927756879670,913330
2993,-,ADJ,9153284864653046197,887132,a,ADP,11901859001352538922,913330
2994,sized,ADJ,6084237373780864523,887132,y,CONJ,9409450202036847209,915330
2995,community,NOUN,17822516981717808594,887132,día,NOUN,10320613927756879670,913330
2996,colleges,NOUN,1798525721372658804,887132,darse,PRON,6014445695361464397,915330
2997,across,ADP,12865022372469924430,887132,para,ADP,17491956544424926374,915330
2998,the,DET,7425985699627899538,887132,cuenta,VERB,3545150841059450590,915330
2999,country,NOUN,12290671265767728302,887132,de,ADP,11144093025662894627,915330
3000,--,PUNCT,10501404726543969396,887132,cómo,PRON,8106224997027377807,915330
3001,their,DET,4244585616942201722,890314,esta,DET,5821559423218928566,917330
3002,laboratories,NOUN,1384856656725204734,890314,democracia,NOUN,7393422862294835861,917330
3003,are,AUX,5012629990875267006,890314,en,ADP,14626626061804382878,917330
3004,becoming,VERB,3269375329084901678,890314,participar,VERB,4123344678709802602,915330
3005,obsolete,ADJ,17200902361489886764,890314,y,CONJ,9409450202036847209,917330
3006,.,PUNCT,12646065887601541794,890314,.,PUNCT,12646065887601541794,917330
3007,And,CCONJ,12172435438170721471,892752,saber,VERB,17611604145141490645,917330
3008,this,DET,1995909169258310477,892752,lo,DET,12507729120330568444,917330
3009,is,AUX,3411606890003347522,892752,ocurre,VERB,9371221859793320583,917330
3010,where,ADV,16318918034475841628,892752,También,ADV,4730831994135206183,919330
3011,we,PRON,16064069575701507746,892752,que,PRON,11474801393294414462,917330
3012,train,VERB,810618180531611251,892752,dijeron,VERB,5253051544255091778,919330
3013,most,ADJ,11104729984170784471,892752,que,SCONJ,11474801393294414462,919330
3014,of,ADP,886050111519832510,892752,en,ADP,14626626061804382878,921330
3015,our,DET,17577015140245084783,892752,un,DET,12188161997964598936,919330
3016,science,NOUN,15907409978124634296,892752,cambio,NOUN,5770636187921739250,919330
3017,workers,NOUN,3852211386253489578,892752,mentalidad,NOUN,8959677547791565954,921330
3018,and,CCONJ,2283656566040971221,895426,hay,AUX,7335652051276811590,919330
3019,our,DET,17577015140245084783,895426,la,DET,6804705863737483857,921330
3020,researchers,NOUN,7692331408493112439,895426,corporativa,ADJ,12458753399613560571,921330
3021,--,PUNCT,10501404726543969396,895426,.,PUNCT,12646065887601541794,921330
3022,and,CCONJ,2283656566040971221,895426,Mientras,CONJ,2976134900796135999,921330
3023,our,DET,17577015140245084783,895426,el,DET,11488171005156075516,923330
3024,teachers,NOUN,9155453374998337269,895426,dinero,NOUN,13356274629815975018,923330
3025,",",PUNCT,2593208677638477497,895426,que,SCONJ,11474801393294414462,921330
3026,by,ADP,16764210730586636600,895426,del,ADP,14178434899903659559,923330
3027,the,DET,7425985699627899538,895426,gobierno,PROPN,10826472447369367844,923330
3028,way,NOUN,6878210874361030284,895426,siempre,ADV,15391811626801301543,923330
3029,.,PUNCT,12646065887601541794,895426,había,AUX,11746775058755771264,923330
3030,And,CCONJ,12172435438170721471,898684,para,ADP,17491956544424926374,925330
3031,there,PRON,2112642640949226496,898684,disponible,ADJ,11065479836645842960,923330
3032,'s,AUX,16428057658620181782,898684,estado,AUX,16787858920008161436,923330
3033,a,DET,11901859001352538922,898684,la,DET,6804705863737483857,925330
3034,media,NOUN,5618787183034738284,898684,investigación,NOUN,16030947927976855352,925330
3035,that,DET,4380130941430378203,898684,básica,ADJ,12859922970481656394,925330
3036,does,AUX,1818273248662495384,898684,de,ADP,11144093025662894627,925330
3037,n't,PART,2043519015752540944,898684,ciencias,NOUN,3502711777541729010,925330
3038,support,VERB,5147005412574305164,898684,contábamos,VERB,16709234568902054366,927330
3039,the,DET,7425985699627899538,898684,e,CONJ,1720370409040345145,925330
3040,dissemination,NOUN,13909457812695262391,898684,ingeniería,NOUN,12426777985176237944,925330
3041,of,ADP,886050111519832510,898684,con,ADP,6945313634251781056,927330
3042,any,DET,13148361048351484388,898684,algunas,DET,4272547645188157321,927330
3043,more,ADJ,2160362229054775535,898684,",",PUNCT,2593208677638477497,925330
3044,than,SCONJ,10794458019344880855,898684,que,SCONJ,11474801393294414462,927330
3045,the,DET,7425985699627899538,903461,lo,DET,12507729120330568444,929330
3046,most,ADV,11104729984170784471,903461,también,ADV,18236539777431520510,927330
3047,mundane,ADJ,262194115811751756,903461,básica,ADJ,12859922970481656394,929330
3048,and,CCONJ,2283656566040971221,903461,hicieran,VERB,897077331671750940,929330
3049,inane,NOUN,13536169743824067552,903461,investigación,NOUN,16030947927976855352,929330
3050,of,ADP,886050111519832510,903461,Pero,CONJ,3012608552889114327,929330
3051,information,NOUN,5552516367584430480,903461,compañías,NOUN,7229851757674286754,927330
3052,.,PUNCT,12646065887601541794,903461,.,PUNCT,12646065887601541794,929330
3053,There,PRON,6090035477591592277,906373,que,PRON,11474801393294414462,929330
3054,'s,AUX,16428057658620181782,906373,ha,AUX,8521863001484601166,929330
3055,pseudoscience,NOUN,12201272131969786200,906373,pasado,VERB,14617614854182988322,929330
3056,",",PUNCT,2593208677638477497,906373,ahora,ADV,12999935214748759028,931330
3057,crop,NOUN,2880258666594965813,906373,es,AUX,10343076919720641053,931330
3058,circles,NOUN,17014362349898314660,906373,compañías,NOUN,7229851757674286754,931330
3059,",",PUNCT,2593208677638477497,906373,las,DET,6526950402091386798,931330
3060,alien,PROPN,15230734593792758786,906373,que,SCONJ,11474801393294414462,931330
3061,autopsy,ADJ,771815262188051830,906373,dedican,VERB,15098925259452507706,931330
3062,",",PUNCT,2593208677638477497,906373,más,ADV,13805553149795463782,931330
3063,haunted,ADJ,13302902220484497323,906373,energía,NOUN,336706291597624830,931330
3064,houses,NOUN,12236405033243632862,906373,desarrollo,NOUN,6751226609062312789,933330
3065,",",PUNCT,2593208677638477497,906373,al,ADP,8222700718889469974,933330
3066,or,CCONJ,3740602843040177340,909815,de,ADP,11144093025662894627,933330
3067,disasters,NOUN,5040691266561865284,909815,productos,NOUN,14294716817777068259,933330
3068,.,PUNCT,12646065887601541794,909815,a,ADP,11901859001352538922,933330
3069,And,CCONJ,12172435438170721471,911057,corto,NOUN,516913978064148194,933330
3070,that,DET,4380130941430378203,911057,la,DET,6804705863737483857,935330
3071,'s,AUX,16428057658620181782,911057,que,SCONJ,11474801393294414462,935330
3072,what,PRON,5865838185239622912,911057,a,ADP,11901859001352538922,935330
3073,we,PRON,16064069575701507746,911057,plazo,NOUN,15820694097625692599,933330
3074,see,VERB,11925638236994514241,911057,investigación,NOUN,16030947927976855352,935330
3075,.,PUNCT,12646065887601541794,911057,básica,ADJ,12859922970481656394,935330
3076,This,DET,12943039165150086467,912455,de,ADP,11144093025662894627,935330
3077,is,AUX,3411606890003347522,912455,ciencia,NOUN,7755546493683470704,937330
3078,n't,PART,2043519015752540944,912455,e,CONJ,1720370409040345145,937330
3079,really,ADV,14653600329166397554,912455,no,ADV,13055779130471031426,940330
3080,the,DET,7425985699627899538,912455,La,DET,6239908149323985340,940330
3081,information,NOUN,5552516367584430480,912455,ingeniería,NOUN,12426777985176237944,937330
3082,you,PRON,7624161793554793053,912455,educación,NOUN,16877568493169718318,940330
3083,need,VERB,478886015463313967,912455,está,VERB,4858725201161983290,940330
3084,to,PART,3791531372978436496,912455,.,PUNCT,12646065887601541794,937330
3085,operate,VERB,9854540405589975553,912455,la,DET,6804705863737483857,940330
3086,in,ADP,3002984154512732771,912455,a,ADP,11901859001352538922,940330
3087,everyday,ADJ,12502803309396265471,912455,.,PUNCT,12646065887601541794,940330
3088,life,NOUN,16477424308483498569,912455,altura,NOUN,12631784746309140219,940330
3089,and,CCONJ,2283656566040971221,915802,De,ADP,9709023768673339208,943330
3090,figure,VERB,13707025353810924047,915802,preescolar,VERB,3529094334232871142,943330
3091,out,ADP,1696981056005371314,915802,al,ADP,8222700718889469974,943330
3092,how,ADV,16331095434822636218,915802,último,ADJ,14999529052226772459,943330
3093,to,PART,3791531372978436496,915802,grado,NOUN,12883296312015602316,943330
3094,participate,VERB,4176336786957309062,915802,",",PUNCT,2593208677638477497,943330
3095,in,ADP,3002984154512732771,915802,de,ADP,11144093025662894627,943330
3096,this,DET,1995909169258310477,915802,los,DET,7307884290799599686,943330
3097,democracy,NOUN,9159172889970741801,915802,bachillerato,NOUN,2612816107203716074,943330
3098,and,CCONJ,2283656566040971221,918218,estudiantes,NOUN,16394443896911518154,943330
3099,determine,VERB,13750990675998287868,918218,toman,VERB,1545439395395865638,946330
3100,what,PRON,5865838185239622912,918218,no,ADV,13055779130471031426,946330
3101,'s,AUX,16428057658620181782,918218,laboratorios,NOUN,7372647326641822504,946330
3102,going,VERB,14242014708739787450,918218,Piensan,VERB,10772072931902422469,946330
3103,on,ADP,5640369432778651323,918218,húmedos,ADJ,8487280958273608264,946330
3104,.,PUNCT,12646065887601541794,918218,.,PUNCT,12646065887601541794,946330
3105,They,PRON,14947529218328092544,919944,que,SCONJ,11474801393294414462,946330
3106,also,ADV,12084876542534825196,919944,si,SCONJ,13884469947995795204,946330
3107,said,VERB,17573686707662795042,919944,ponemos,VERB,13599759806798675180,946330
3108,there,PRON,2112642640949226496,919944,este,PRON,15654890294676217493,948330
3109,'s,AUX,16428057658620181782,919944,va,AUX,15817334002654144152,948330
3110,a,DET,11901859001352538922,919944,un,DET,12188161997964598936,946330
3111,change,NOUN,3979101002134440957,919944,computador,NOUN,13317536521206107042,948330
3112,in,ADP,3002984154512732771,919944,en,ADP,14626626061804382878,948330
3113,the,DET,7425985699627899538,919944,la,DET,6804705863737483857,948330
3114,corporate,ADJ,13788650032919693367,919944,a,ADP,11901859001352538922,948330
3115,mentality,NOUN,3570737857128561288,919944,habitación,NOUN,13741819404187041251,948330
3116,.,PUNCT,12646065887601541794,919944,",",PUNCT,2593208677638477497,948330
3117,Whereas,SCONJ,15042645386927412463,922733,reemplazar,VERB,14085850314134637647,948330
3118,government,NOUN,3625794390087546215,922733,a,ADP,11901859001352538922,948330
3119,money,NOUN,14917444839815175757,922733,realidad,NOUN,17066760827497583576,950330
3120,had,AUX,12960022596163002503,922733,la,DET,6804705863737483857,948330
3121,always,ADV,17471638809377599778,922733,.,PUNCT,12646065887601541794,950330
3122,been,AUX,12517269084653561647,922733,Mezclamos,VERB,8976245267713586208,950330
3123,there,ADV,2112642640949226496,922733,los,DET,7307884290799599686,950330
3124,for,ADP,16037325823156266367,924919,del,ADP,14178434899903659559,954330
3125,basic,ADJ,2744231088585378001,924919,y,CONJ,9409450202036847209,950330
3126,science,NOUN,15907409978124634296,924919,ácidos,NOUN,1886283572335947708,950330
3127,and,CCONJ,2283656566040971221,924919,cultivamos,VERB,4519741892794859000,952330
3128,engineering,NOUN,5835438034023771766,924919,papas,NOUN,8215074553238883300,952330
3129,research,NOUN,4129690550177407157,924919,financiamiento,NOUN,6094091713651922972,954330
3130,",",PUNCT,2593208677638477497,924919,.,PUNCT,12646065887601541794,952330
3131,we,PRON,16064069575701507746,927034,gobierno,PROPN,10826472447369367844,954330
3132,also,ADV,12084876542534825196,927034,luego,ADV,4526122816444084130,956330
3133,counted,VERB,9286901370615908813,927034,disminuye,VERB,11912508647766952392,954330
3134,on,ADP,5640369432778651323,927034,y,CONJ,9409450202036847209,956330
3135,some,DET,7000492816108906599,927034,El,DET,2536664749893722438,954330
3136,companies,NOUN,8026612326651866097,927034,dicen,VERB,8884198959759046866,956330
3137,to,PART,3791531372978436496,927034,"""",PUNCT,15884554869126768810,958330
3138,do,AUX,2158845516055552166,927034,hagamos,VERB,13041293749643411422,958330
3139,some,DET,7000492816108906599,927034,las,DET,6526950402091386798,958330
3140,basic,ADJ,2744231088585378001,927034,que,SCONJ,11474801393294414462,958330
3141,research,NOUN,4129690550177407157,927034,corporaciones,NOUN,8432527577205113851,958330
3142,.,PUNCT,12646065887601541794,927034,",",PUNCT,2593208677638477497,958330
3143,But,CCONJ,18004243461113809161,930820,la,DET,6804705863737483857,958330
3144,what,PRON,5865838185239622912,930820,eso,PRON,12716495710533357957,960330
3145,'s,AUX,16428057658620181782,930820,financiación,NOUN,4239626776006474496,958330
3146,happened,VERB,1466554851141776122,930820,asuman,VERB,4421321566562447712,958330
3147,now,ADV,17157488710739566268,930820,no,ADV,13055779130471031426,960330
3148,is,AUX,3411606890003347522,930820,es,AUX,10343076919720641053,960330
3149,companies,NOUN,8026612326651866097,930820,verdad,NOUN,7775753967344835232,960330
3150,put,VERB,11532405253426108718,930820,y,CONJ,9409450202036847209,960330
3151,more,ADJ,2160362229054775535,930820,La,DET,6239908149323985340,960330
3152,energy,NOUN,13079260030086073766,930820,ayuda,NOUN,9971713063512762226,960330
3153,into,ADP,3278561384161438710,933665,del,ADP,14178434899903659559,960330
3154,short,ADJ,3563698965725164461,933665,gobierno,PROPN,10826472447369367844,960330
3155,-,PUNCT,9153284864653046197,933665,.,PUNCT,12646065887601541794,960330
3156,term,NOUN,4519742297340331040,933665,por,ADP,18244196334509357400,962330
3157,product,NOUN,2104994216896503478,933665,lo,DET,12507729120330568444,962330
3158,development,NOUN,12326760825035889351,933665,menos,ADV,1658803086761645025,962330
3159,than,SCONJ,10794458019344880855,936967,como,SCONJ,3817173063683202752,962330
3160,they,PRON,16875582379069451158,936967,hacer,VERB,17672920047749692400,962330
3161,do,AUX,2158845516055552166,936967,debería,AUX,1413076103929521774,962330
3162,in,ADP,3002984154512732771,936967,de,ADP,11144093025662894627,964330
3163,basic,ADJ,2744231088585378001,936967,reconocer,VERB,11475919831462243162,964330
3164,engineering,NOUN,5835438034023771766,936967,cosas,NOUN,399513973913231652,962330
3165,and,CCONJ,2283656566040971221,936967,el,DET,11488171005156075516,964330
3166,science,NOUN,15907409978124634296,936967,costo,NOUN,8370643146705860681,964330
3167,research,NOUN,4129690550177407157,936967,beneficio,NOUN,4635800809285832171,964330
3168,.,PUNCT,12646065887601541794,936967,-,PUNCT,9153284864653046197,964330
3169,And,CCONJ,12172435438170721471,941738,la,DET,6804705863737483857,964330
3170,education,NOUN,11255438928975991251,941738,investigación,NOUN,16030947927976855352,964330
3171,is,AUX,3411606890003347522,941738,básica,ADJ,12859922970481656394,964330
3172,not,PART,447765159362469301,941738,la,DET,6804705863737483857,966330
3173,keeping,VERB,16413447840454971347,941738,ciencia,NOUN,7755546493683470704,966330
3174,up,ADP,2199259611705938403,941738,de,ADP,11144093025662894627,966330
3175,.,PUNCT,12646065887601541794,941738,y,CONJ,9409450202036847209,966330
3176,In,ADP,17831099778462416609,944437,la,DET,6804705863737483857,966330
3177,K,PROPN,8656007278630577320,944437,ingeniería,NOUN,12426777985176237944,966330
3178,through,ADP,18216413589307435838,944437,Tenemos,VERB,5367294043555675997,966330
3179,12,NUM,1124146173557384544,944437,que,SCONJ,11474801393294414462,966330
3180,",",PUNCT,2593208677638477497,944437,.,PUNCT,12646065887601541794,966330
3181,people,NOUN,7593739049417968140,944437,responsabilidad,NOUN,1403580333268363350,968330
3182,are,AUX,5012629990875267006,944437,que,SCONJ,11474801393294414462,968330
3183,taking,VERB,4637778817647943105,944437,tenemos,VERB,15443725945600917365,968330
3184,out,ADP,1696981056005371314,944437,una,DET,1019041181156623609,968330
3185,wet,ADJ,15228196003676555649,944437,mundiales,ADJ,16031982025025575683,970330
3186,labs,NOUN,1955323671506040594,944437,ciudadanos,NOUN,17904520626554340583,970330
3187,.,PUNCT,12646065887601541794,944437,.,PUNCT,12646065887601541794,970330
3188,They,PRON,14947529218328092544,948120,Debemos,AUX,2835853030284394327,972330
3189,think,VERB,16875814820671380748,948120,saber,VERB,17611604145141490645,966330
3190,if,SCONJ,12446819118446800910,948120,como,SCONJ,3817173063683202752,970330
3191,we,PRON,16064069575701507746,948120,a,ADP,11901859001352538922,972330
3192,put,VERB,11532405253426108718,948120,mirar,VERB,14108008768878450033,972330
3193,a,DET,11901859001352538922,948120,la,DET,6804705863737483857,972330
3194,computer,NOUN,4912942957612137283,948120,educación,NOUN,16877568493169718318,972330
3195,in,ADP,3002984154512732771,948120,de,ADP,11144093025662894627,974330
3196,the,DET,7425985699627899538,948120,los,DET,7307884290799599686,974330
3197,room,NOUN,14629044596807299988,948120,humanos,NOUN,14152445401080590110,974330
3198,",",PUNCT,2593208677638477497,948120,.,PUNCT,12646065887601541794,974330
3199,it,PRON,10239237003504588839,950220,para,ADP,17491956544424926374,976330
3200,'s,AUX,16428057658620181782,950220,Debemos,AUX,2835853030284394327,974330
3201,going,VERB,14242014708739787450,950220,construir,VERB,7603118343443357255,974330
3202,to,PART,3791531372978436496,950220,recursos,NOUN,1651610298600722578,974330
3203,take,VERB,6789454535283781228,950220,hoy,ADV,13035178216107647832,976330
3204,the,DET,7425985699627899538,950220,nuestros,DET,8277433627748971173,974330
3205,place,NOUN,7512738811199700769,950220,asegurarnos,NOUN,12622644874367880902,976330
3206,of,ADP,886050111519832510,950220,de,ADP,11144093025662894627,976330
3207,actually,ADV,11882120564994168090,950220,que,SCONJ,11474801393294414462,976330
3208,mixing,VERB,7049090909016415047,950220,formados,VERB,13343492604452748731,976330
3209,the,DET,7425985699627899538,950220,los,DET,7307884290799599686,976330
3210,acids,NOUN,7159087150232191163,950220,estudiantes,NOUN,16394443896911518154,976330
3211,or,CCONJ,3740602843040177340,953516,sean,AUX,6139498919658700348,976330
3212,growing,VERB,9913285871213521689,953516,de,ADP,11144093025662894627,978330
3213,the,DET,7425985699627899538,953516,estas,DET,16010204526465958382,980330
3214,potatoes,NOUN,12760928770681293031,953516,manera,NOUN,498987833452431579,978330
3215,.,PUNCT,12646065887601541794,953516,que,SCONJ,11474801393294414462,978330
3216,And,CCONJ,12172435438170721471,955039,la,DET,6804705863737483857,978330
3217,government,NOUN,3625794390087546215,955039,importancia,NOUN,16951250483006520754,978330
3218,funding,NOUN,3726624177514968955,955039,cosas,NOUN,399513973913231652,980330
3219,is,AUX,3411606890003347522,955039,Debemos,AUX,2835853030284394327,980330
3220,decreasing,VERB,13215751042439660829,955039,entiendan,VERB,6519165222978740516,978330
3221,in,ADP,3002984154512732771,955039,de,ADP,11144093025662894627,978330
3222,spending,NOUN,2128819351304711409,955039,vitalidad,NOUN,14331089762795756958,982330
3223,",",PUNCT,2593208677638477497,955039,.,PUNCT,12646065887601541794,980330
3224,and,CCONJ,2283656566040971221,957371,la,DET,6804705863737483857,982330
3225,then,ADV,2630753287402592467,957371,no,ADV,13055779130471031426,982330
3226,they,PRON,16875582379069451158,957371,de,ADP,11144093025662894627,982330
3227,'re,AUX,523464648099722843,957371,las,DET,6526950402091386798,982330
3228,saying,VERB,12123752991424432577,957371,apoyar,VERB,7444684425185053410,980330
3229,",",PUNCT,2593208677638477497,957371,",",PUNCT,2593208677638477497,982330
3230,let,VERB,278066919066513387,957371,lo,DET,12507729120330568444,982330
3231,'s,PRON,16428057658620181782,957371,cual,PRON,7565172673427434311,982330
3232,have,AUX,14692702688101715474,957371,decir,AUX,8511968184309850901,984330
3233,corporations,NOUN,2019350075770074753,957371,ciencias,NOUN,3502711777541729010,982330
3234,take,VERB,6789454535283781228,957371,quiere,VERB,3686747369933169209,982330
3235,over,ADP,5456543204961066030,957371,que,SCONJ,11474801393294414462,984330
3236,",",PUNCT,2593208677638477497,957371,todo,PRON,1039296168925561739,984330
3237,and,CCONJ,2283656566040971221,960190,tiene,VERB,12773169655925470509,984330
3238,that,DET,4380130941430378203,960190,que,SCONJ,11474801393294414462,984330
3239,'s,AUX,16428057658620181782,960190,vaya,AUX,16330916999242406667,986330
3240,not,PART,447765159362469301,960190,algo,PRON,16528986040643271495,984330
3241,true,ADJ,7434368892455186804,960190,que,SCONJ,11474801393294414462,986330
3242,.,PUNCT,12646065887601541794,960190,tener,VERB,9273468649798460046,984330
3243,Government,NOUN,18385372948213249801,961370,a,ADP,11901859001352538922,986330
3244,funding,NOUN,3726624177514968955,961370,o,CONJ,1489474827855109852,986330
3245,should,VERB,10292920167869855674,961370,continuar,VERB,1945699325716221325,986330
3246,at,ADV,11667289587015813222,961370,exactamente,ADV,11508145186508229673,988330
3247,least,ADJ,12059514183285037132,961370,sepamos,VERB,5674755637781653071,986330
3248,do,AUX,2158845516055552166,961370,va,AUX,15817334002654144152,988330
3249,things,NOUN,3586418546468265269,961370,cuál,PRON,3783089809848070036,988330
3250,like,SCONJ,18194338103975822726,964580,que,SCONJ,11474801393294414462,986330
3251,recognize,VERB,8168714074841482445,964580,apoyamos,VERB,12640493061326937534,990330
3252,cost,NOUN,7764511969837601066,964580,ser,AUX,940341820454552972,988330
3253,benefits,NOUN,14486975567459880298,964580,resultado,NOUN,9869816852786282562,988330
3254,of,ADP,886050111519832510,964580,a,ADP,11901859001352538922,988330
3255,basic,ADJ,2744231088585378001,964580,el,DET,11488171005156075516,988330
3256,science,NOUN,15907409978124634296,964580,pero,CONJ,4949779210556390094,990330
3257,and,CCONJ,2283656566040971221,964580,la,DET,6804705863737483857,990330
3258,engineering,NOUN,5835438034023771766,964580,vitalidad,NOUN,14331089762795756958,990330
3259,research,NOUN,4129690550177407157,964580,curiosidad,NOUN,13685212520381469184,992330
3260,.,PUNCT,12646065887601541794,964580,",",PUNCT,2593208677638477497,988330
3261,We,PRON,15667417291854480293,968535,que,PRON,11474801393294414462,992330
3262,have,AUX,14692702688101715474,968535,y,CONJ,9409450202036847209,990330
3263,to,PART,3791531372978436496,968535,intelectual,ADJ,5640475708363160551,992330
3264,know,VERB,7743033266031195906,968535,viene,VERB,18029391393609711962,992330
3265,that,SCONJ,4380130941430378203,968535,que,SCONJ,11474801393294414462,990330
3266,we,PRON,16064069575701507746,968535,ello,PRON,16882085280180959752,992330
3267,have,AUX,14692702688101715474,968535,con,ADP,6945313634251781056,992330
3268,a,DET,11901859001352538922,968535,la,DET,6804705863737483857,990330
3269,responsibility,NOUN,1131817234132340819,968535,.,PUNCT,12646065887601541794,992330
3270,as,SCONJ,7437575085468336610,968535,Si,SCONJ,17232677785023700288,994330
3271,global,ADJ,17053192215331816304,968535,piensan,VERB,7328092445825530554,994330
3272,citizens,NOUN,12801219534282189153,968535,paralelos,NOUN,486061443580761729,994330
3273,in,ADP,3002984154512732771,971652,en,ADP,14626626061804382878,994330
3274,this,DET,1995909169258310477,971652,esos,DET,5973194276814933277,994330
3275,world,NOUN,1703489418272052182,971652,artes,NOUN,15604860080890534770,996330
3276,.,PUNCT,12646065887601541794,971652,",",PUNCT,2593208677638477497,996330
3277,We,PRON,15667417291854480293,972834,las,DET,6526950402091386798,996330
3278,have,AUX,14692702688101715474,972834,con,ADP,6945313634251781056,996330
3279,to,PART,3791531372978436496,972834,la,DET,6804705863737483857,996330
3280,look,VERB,16096726548953279178,972834,Ballet,PROPN,9835588965891951501,998330
3281,at,ADP,11667289587015813222,972834,con,ADP,6945313634251781056,998330
3282,the,DET,7425985699627899538,972834,el,DET,11488171005156075516,998330
3283,education,NOUN,11255438928975991251,972834,competencia,NOUN,16608270090491412666,996330
3284,of,ADP,886050111519832510,972834,a,ADP,11901859001352538922,1000330
3285,humans,NOUN,10583631370292080577,972834,compañía,NOUN,3483509477089566242,1000330
3286,.,PUNCT,12646065887601541794,972834,Bolshoi,PROPN,4878354666009239951,998330
3287,We,PRON,15667417291854480293,974904,la,DET,6804705863737483857,1000330
3288,need,VERB,478886015463313967,974904,alentó,VERB,5954304073242774249,998330
3289,to,PART,3791531372978436496,974904,de,ADP,11144093025662894627,1000330
3290,build,VERB,15542623189494043735,974904,ballet,PROPN,4858228373365169014,1000330
3291,our,DET,17577015140245084783,974904,Jeoffrey,PROPN,4715167631005021084,1000330
3292,resources,NOUN,7963278557988386651,974904,y,CONJ,9409450202036847209,1000330
3293,today,NOUN,11042482332948150395,974904,al,ADP,8222700718889469974,1000330
3294,to,PART,3791531372978436496,974904,Ballet,PROPN,9835588965891951501,1000330
3295,make,VERB,9614445426764226664,974904,de,ADP,11144093025662894627,1000330
3296,sure,ADJ,2985827712170516640,974904,Nueva,PROPN,12377269440909859748,1000330
3297,that,SCONJ,4380130941430378203,974904,York,PROPN,7898044819112200372,1000330
3298,they,PRON,16875582379069451158,974904,a,ADP,11901859001352538922,1002330
3299,'re,AUX,523464648099722843,974904,.,PUNCT,12646065887601541794,1002330
3300,trained,VERB,3426268823810961714,974904,mejorar,VERB,7136969154105419067,1002330
3301,so,ADV,9781598966686434415,978263,museos,NOUN,1040875474769066974,1004330
3302,they,PRON,16875582379069451158,978263,infraestructura,NOUN,13171967733335729602,1004330
3303,understand,VERB,2256871070683278179,978263,de,ADP,11144093025662894627,1004330
3304,the,DET,7425985699627899538,978263,La,DET,6239908149323985340,1004330
3305,importance,NOUN,14560146131139610552,978263,teatros,NOUN,8990999126893595456,1004330
3306,of,ADP,886050111519832510,978263,de,ADP,11144093025662894627,1006330
3307,these,DET,6459564349623679250,978263,",",PUNCT,2593208677638477497,1004330
3308,things,NOUN,3586418546468265269,978263,salas,NOUN,1484689559193224406,1006330
3309,.,PUNCT,12646065887601541794,978263,",",PUNCT,2593208677638477497,1004330
3310,And,CCONJ,12172435438170721471,980661,cine,NOUN,5671425847081228558,1006330
3311,we,PRON,16064069575701507746,980661,en,ADP,14626626061804382878,1006330
3312,have,AUX,14692702688101715474,980661,está,AUX,4858725201161983290,1008330
3313,to,PART,3791531372978436496,980661,todo,DET,1039296168925561739,1006330
3314,support,VERB,5147005412574305164,980661,desapareciendo,VERB,11367293066712533808,1008330
3315,the,DET,7425985699627899538,980661,el,DET,11488171005156075516,1006330
3316,vitality,NOUN,11963108967056361692,980661,país,NOUN,2033301830869377336,1006330
3317,of,ADP,886050111519832510,980661,para,ADP,17491956544424926374,1008330
3318,science,NOUN,15907409978124634296,980661,televisión,NOUN,13272485329931178610,1010330
3319,.,PUNCT,12646065887601541794,980661,.,PUNCT,12646065887601541794,1008330
3320,That,DET,4759254855483594167,983909,menos,ADV,1658803086761645025,1008330
3321,does,AUX,1818273248662495384,983909,Hay,AUX,5266732711504564964,1008330
3322,n't,PART,2043519015752540944,983909,en,ADP,14626626061804382878,1010330
3323,mean,VERB,15580274710609099813,983909,ver,VERB,16203534885047373824,1010330
3324,that,SCONJ,4380130941430378203,983909,",",PUNCT,2593208677638477497,1010330
3325,everything,PRON,9410232112791000120,983909,gastado,VERB,7546363115068318264,1012330
3326,has,AUX,1248239241591158246,983909,hemos,AUX,4219622862681744689,1012330
3327,to,PART,3791531372978436496,983909,más,ADV,13805553149795463782,1012330
3328,have,AUX,14692702688101715474,983909,dinero,NOUN,13356274629815975018,1012330
3329,one,NUM,17454115351911680600,983909,viejos,ADJ,9131589625175694467,1015330
3330,thing,NOUN,2473243759842082748,983909,programas,NOUN,2016052751872218994,1015330
3331,that,DET,4380130941430378203,983909,el,DET,11488171005156075516,1018330
3332,'s,AUX,16428057658620181782,983909,de,ADP,11144093025662894627,1015330
3333,going,VERB,14242014708739787450,983909,reescribiendo,VERB,15051647470864316421,1015330
3334,to,PART,3791531372978436496,983909,televisión,NOUN,13272485329931178610,1015330
3335,go,VERB,8004577259940138793,983909,tenemos,VERB,15443725945600917365,1020330
3336,on,ADP,5640369432778651323,983909,para,ADP,17491956544424926374,1018330
3337,",",PUNCT,2593208677638477497,983909,.,PUNCT,12646065887601541794,1018330
3338,or,CCONJ,3740602843040177340,987856,cine,NOUN,5671425847081228558,1018330
3339,that,SCONJ,4380130941430378203,987856,cuando,SCONJ,10847943810515898149,1022330
3340,we,PRON,16064069575701507746,987856,financiación,NOUN,4239626776006474496,1020330
3341,know,VERB,7743033266031195906,987856,corporativa,ADJ,12458753399613560571,1020330
3342,exactly,ADV,2050591882454735094,987856,Hoy,ADV,4284965791247639820,1020330
3343,what,PRON,5865838185239622912,987856,que,PRON,11474801393294414462,1020330
3344,'s,AUX,16428057658620181782,987856,",",PUNCT,2593208677638477497,1020330
3345,going,VERB,14242014708739787450,987856,va,VERB,15817334002654144152,1022330
3346,to,PART,3791531372978436496,987856,a,ADP,11901859001352538922,1022330
3347,be,AUX,10382539506755952630,987856,",",PUNCT,2593208677638477497,1022330
3348,the,DET,7425985699627899538,987856,alguna,DET,9476533234829010752,1022330
3349,outcome,NOUN,12603731698173853937,987856,compañía,NOUN,3483509477089566242,1022330
3350,of,ADP,886050111519832510,987856,a,ADP,11901859001352538922,1024330
3351,it,PRON,10239237003504588839,987856,cuando,SCONJ,10847943810515898149,1022330
3352,",",PUNCT,2593208677638477497,987856,",",PUNCT,2593208677638477497,1024330
3353,but,CCONJ,14560795576765492085,990754,casi,ADV,3261825392838065605,1024330
3354,that,SCONJ,4380130941430378203,990754,que,SCONJ,11474801393294414462,1024330
3355,we,PRON,16064069575701507746,990754,que,PRON,11474801393294414462,1024330
3356,support,VERB,5147005412574305164,990754,apoya,VERB,14163530615818330729,1022330
3357,the,DET,7425985699627899538,990754,las,DET,6526950402091386798,1024330
3358,vitality,NOUN,11963108967056361692,990754,artes,NOUN,15604860080890534770,1024330
3359,and,CCONJ,2283656566040971221,990754,es,AUX,10343076919720641053,1024330
3360,the,DET,7425985699627899538,990754,el,DET,11488171005156075516,1026330
3361,intellectual,ADJ,7308683158021046151,990754,necesario,ADJ,15172370701945846290,1024330
3362,curiosity,NOUN,11502893395963706873,990754,producto,NOUN,5511689005071304127,1026330
3363,that,DET,4380130941430378203,993837,la,DET,6804705863737483857,1026330
3364,goes,VERB,18224404223277189725,993837,sea,AUX,3315219263181363146,1026330
3365,along,ADP,3962502770901397382,993837,de,ADP,11144093025662894627,1026330
3366,[,PUNCT,4398759943034541363,993837,parte,NOUN,16514593513853944747,1026330
3367,with,ADP,12510949447758279278,993837,pintura,NOUN,17676767180693928631,1026330
3368,it,PRON,10239237003504588839,993837,el,DET,11488171005156075516,1028330
3369,],PUNCT,3806482680584466996,993837,artista,NOUN,1194353770427601806,1028330
3370,.,PUNCT,12646065887601541794,993837,.,PUNCT,12646065887601541794,1028330
3371,And,CCONJ,12172435438170721471,995109,pinte,ADJ,9217030416144621301,1028330
3372,if,SCONJ,12446819118446800910,995109,que,SCONJ,11474801393294414462,1028330
3373,you,PRON,7624161793554793053,995109,que,PRON,11474801393294414462,1031330
3374,think,VERB,16875814820671380748,995109,Tenemos,VERB,5367294043555675997,1028330
3375,about,ADP,942632335873952620,995109,estadios,NOUN,175653294103419439,1031330
3376,those,DET,5224941539530611462,995109,las,DET,6526950402091386798,1031330
3377,parallels,NOUN,9222269571439046887,995109,corporaciones,NOUN,8432527577205113851,1031330
3378,to,ADP,3791531372978436496,995109,nombran,VERB,9179118237010409189,1031330
3379,the,DET,7425985699627899538,995109,una,DET,1019041181156623609,1033330
3380,arts,NOUN,10763589500099602820,995109,y,CONJ,9409450202036847209,1033330
3381,--,PUNCT,10501404726543969396,995109,.,PUNCT,12646065887601541794,1033330
3382,the,DET,7425985699627899538,997656,otra,PRON,17380649040506909729,1033330
3383,competition,NOUN,4661638505416061516,997656,vez,NOUN,8246815288216585998,1033330
3384,with,ADP,12510949447758279278,997656,En,ADP,11159992760278512227,1035330
3385,the,DET,7425985699627899538,997656,",",PUNCT,2593208677638477497,1035330
3386,Bolshoi,PROPN,4878354666009239951,997656,Houston,PROPN,18130004223214202892,1035330
3387,Ballet,PROPN,9835588965891951501,997656,tratamos,AUX,17300610424584269047,1035330
3388,spurred,VERB,5338773072298349177,997656,averiguar,VERB,16497500829832257928,1035330
3389,the,DET,7425985699627899538,1001750,de,ADP,11144093025662894627,1035330
3390,Joffrey,PROPN,572544802120360882,1001750,qué,PRON,2438889091638947136,1037330
3391,and,CCONJ,2283656566040971221,1001750,hacer,VERB,17672920047749692400,1037330
3392,the,DET,7425985699627899538,1001750,respecto,NOUN,1303091392290979946,1037330
3393,New,PROPN,7503827727184870577,1001750,al,ADP,8222700718889469974,1037330
3394,York,PROPN,7898044819112200372,1001750,asunto,NOUN,16698029997884555855,1037330
3395,City,PROPN,728339108046626067,1001750,Enron,PROPN,16398877448063810194,1037330
3396,Ballet,PROPN,9835588965891951501,1001750,Risas,PROPN,1052418954792767806,1039330
3397,to,PART,3791531372978436496,1001750,del,ADP,14178434899903659559,1037330
3398,become,VERB,12558846041070486771,1001750,.,PUNCT,12646065887601541794,1037330
3399,better,ADV,13468287115010965206,1001750,Las,DET,9845755628983179954,1039330
3400,.,PUNCT,12646065887601541794,1001750,(,PUNCT,12638816674900267446,1039330
3401,Infrastructure,NOUN,9496520173832402541,1005023,estadio,NOUN,5742211647341483791,1037330
3402,",",PUNCT,2593208677638477497,1005023,),PUNCT,3842344029291005339,1039330
3403,museums,NOUN,8250960456982324759,1005023,bellas,NOUN,7459316850036480500,1039330
3404,",",PUNCT,2593208677638477497,1005023,artes,PROPN,15604860080890534770,1039330
3405,theaters,NOUN,17104967007985387905,1005023,y,CONJ,9409450202036847209,1039330
3406,",",PUNCT,2593208677638477497,1005023,la,DET,6804705863737483857,1039330
3407,movie,NOUN,18213940162184454424,1005023,educación,NOUN,16877568493169718318,1039330
3408,houses,NOUN,12236405033243632862,1005023,desapareciendo,VERB,11367293066712533808,1041330
3409,across,ADP,12865022372469924430,1005023,en,ADP,14626626061804382878,1041330
3410,the,DET,7425985699627899538,1005023,las,DET,6526950402091386798,1041330
3411,country,NOUN,12290671265767728302,1005023,escuelas,NOUN,7135378136309451941,1041330
3412,are,AUX,5012629990875267006,1009249,están,AUX,9329291831938041508,1041330
3413,disappearing,VERB,9596861521379868079,1009249,Tenemos,VERB,5367294043555675997,1041330
3414,.,PUNCT,12646065887601541794,1009249,.,PUNCT,12646065887601541794,1041330
3415,We,PRON,15667417291854480293,1010425,que,PRON,11474801393294414462,1043330
3416,have,AUX,14692702688101715474,1010425,un,DET,12188161997964598936,1043330
3417,more,ADJ,2160362229054775535,1010425,parece,VERB,16222928339439947282,1043330
3418,television,NOUN,3403785101479364457,1010425,gobierno,NOUN,10826472447369367844,1043330
3419,stations,NOUN,4570393192614038022,1010425,vísceras,NOUN,10671931484712731474,1043330
3420,with,ADP,12510949447758279278,1010425,a,ADP,11901859001352538922,1045330
3421,less,ADJ,589070940943333110,1010425,las,DET,6526950402091386798,1043330
3422,to,PART,3791531372978436496,1010425,la,DET,6804705863737483857,1045330
3423,watch,VERB,2054481287215635300,1010425,extraerle,VERB,11875411855633477795,1043330
3424,",",PUNCT,2593208677638477497,1010425,Fundación,PROPN,10613044052584959874,1045330
3425,we,PRON,16064069575701507746,1012888,Nacional,PROPN,8496802320742268887,1045330
3426,have,AUX,14692702688101715474,1012888,de,ADP,11144093025662894627,1045330
3427,more,ADJ,2160362229054775535,1012888,las,DET,6526950402091386798,1045330
3428,money,NOUN,14917444839815175757,1012888,Artes,PROPN,44082559467068182,1045330
3429,spent,VERB,10779874562459795662,1012888,y,CONJ,9409450202036847209,1045330
3430,on,ADP,5640369432778651323,1012888,a,ADP,11901859001352538922,1045330
3431,rewrites,NOUN,3417553966370636582,1012888,programas,NOUN,2016052751872218994,1045330
3432,to,PART,3791531372978436496,1016671,otros,DET,4352301292778471070,1045330
3433,get,AUX,2013399242189103424,1016671,.,PUNCT,12646065887601541794,1045330
3434,old,ADJ,2483095116303079762,1016671,Así,ADV,13115577326766121063,1047330
3435,television,NOUN,3403785101479364457,1016671,que,SCONJ,11474801393294414462,1047330
3436,programs,NOUN,8907754605662793867,1016671,tenemos,VERB,15443725945600917365,1047330
3437,in,ADP,3002984154512732771,1018580,a,ADP,11901859001352538922,1047330
3438,the,DET,7425985699627899538,1018580,que,SCONJ,11474801393294414462,1047330
3439,movies,NOUN,3238731643930266044,1018580,pensar,VERB,2464981911360723565,1047330
3440,.,PUNCT,12646065887601541794,1018580,",",PUNCT,2593208677638477497,1047330
3441,We,PRON,15667417291854480293,1020731,qué,PRON,2438889091638947136,1049330
3442,have,AUX,14692702688101715474,1020731,es,AUX,10343076919720641053,1049330
3443,corporate,ADJ,13788650032919693367,1020731,ponernos,ADJ,670047553466324668,1047330
3444,funding,NOUN,3726624177514968955,1020731,ciencias,NOUN,3502711777541729010,1051330
3445,now,ADV,17157488710739566268,1020731,lo,DET,12507729120330568444,1049330
3446,that,DET,4380130941430378203,1020731,las,DET,6526950402091386798,1051330
3447,",",PUNCT,2593208677638477497,1020731,¿,PUNCT,3095673970880011110,1049330
3448,when,ADV,15807309897752499399,1023127,con,ADP,6945313634251781056,1049330
3449,it,PRON,10239237003504588839,1023127,que,PRON,11474801393294414462,1049330
3450,goes,VERB,18224404223277189725,1023127,hacer,VERB,17672920047749692400,1049330
3451,to,PART,3791531372978436496,1023127,y,CONJ,9409450202036847209,1051330
3452,support,VERB,5147005412574305164,1023127,intentamos,VERB,5936382262393870019,1049330
3453,the,DET,7425985699627899538,1023127,las,DET,6526950402091386798,1051330
3454,arts,NOUN,10763589500099602820,1023127,artes,NOUN,15604860080890534770,1051330
3455,",",PUNCT,2593208677638477497,1023127,?,PUNCT,8205403955989537350,1051330
3456,it,PRON,10239237003504588839,1026512,Hay,AUX,5266732711504564964,1053330
3457,almost,ADV,9970931496028849525,1026512,de,ADP,11144093025662894627,1053330
3458,requires,VERB,13119392445262544140,1026512,Tenemos,VERB,5367294043555675997,1055330
3459,that,SCONJ,4380130941430378203,1026512,que,SCONJ,11474801393294414462,1055330
3460,the,DET,7425985699627899538,1026512,.,PUNCT,12646065887601541794,1053330
3461,product,NOUN,2104994216896503478,1026512,revitalizarlas,NOUN,4882523028521322312,1053330
3462,be,VERB,10382539506755952630,1026512,prestar,VERB,516921606997681579,1055330
3463,part,NOUN,4485934323942657167,1026512,necesidad,NOUN,3279096466215890166,1053330
3464,of,ADP,886050111519832510,1026512,a,ADP,11901859001352538922,1055330
3465,the,DET,7425985699627899538,1026512,esto,PRON,1761747332550045118,1055330
3466,picture,NOUN,9284188139451966413,1026512,atención,NOUN,4278380448285736899,1055330
3467,that,SCONJ,4380130941430378203,1029714,.,PUNCT,12646065887601541794,1055330
3468,the,DET,7425985699627899538,1029714,Solo,ADJ,8123074002173051279,1055330
3469,artist,NOUN,13980726799400849663,1029714,contarles,ADJ,9203561375405068302,1057330
3470,draws,VERB,1699294307514984183,1029714,quiero,VERB,6447749186237085781,1057330
3471,.,PUNCT,12646065887601541794,1029714,.,PUNCT,12646065887601541794,1057330
3472,We,PRON,15667417291854480293,1031036,que,PRON,11474801393294414462,1057330
3473,have,AUX,14692702688101715474,1031036,estoy,AUX,14706404543211496139,1057330
3474,stadiums,NOUN,13929614745489538218,1031036,rápidamente,ADV,3742794626274031485,1057330
3475,that,DET,4380130941430378203,1031036,lo,DET,12507729120330568444,1057330
3476,are,AUX,5012629990875267006,1031036,he,AUX,1655312771067108281,1065330
3477,named,VERB,6719370519630147158,1031036,haciendo,VERB,13728506546301763949,1057330
3478,over,ADP,5456543204961066030,1031036,Aplausos,PROPN,5625793903345412492,1059330
3479,and,CCONJ,2283656566040971221,1031036,(,PUNCT,12638816674900267446,1059330
3480,over,ADV,5456543204961066030,1031036,Quiero,VERB,1587359813573428015,1065330
3481,again,ADV,4502205900248518970,1031036,contarles,ADJ,9203561375405068302,1065330
3482,by,ADP,16764210730586636600,1031036,lo,DET,12507729120330568444,1065330
3483,corporations,NOUN,2019350075770074753,1031036,que,PRON,11474801393294414462,1065330
3484,.,PUNCT,12646065887601541794,1031036,),PUNCT,3842344029291005339,1059330
3485,In,ADP,17831099778462416609,1034965,desde,ADP,15141126369269946138,1067330
3486,Houston,PROPN,18130004223214202892,1034965,haciendo,VERB,13728506546301763949,1065330
3487,",",PUNCT,2593208677638477497,1034965,...,PUNCT,10875615029400813363,1067330
3488,we,PRON,16064069575701507746,1034965,que,SCONJ,11474801393294414462,1067330
3489,'re,AUX,523464648099722843,1034965,estado,AUX,16787858920008161436,1065330
3490,trying,VERB,5386905846056786656,1034965,siento,VERB,16665256539256324142,1067330
3491,to,PART,3791531372978436496,1034965,esta,DET,5821559423218928566,1067330
3492,figure,VERB,13707025353810924047,1034965,integrar,VERB,4870978443712718856,1071330
3493,out,ADP,1696981056005371314,1034965,de,ADP,11144093025662894627,1071330
3494,what,PRON,5865838185239622912,1034965,algunas,PRON,4272547645188157321,1071330
3495,to,PART,3791531372978436496,1034965,necesidad,NOUN,3279096466215890166,1067330
3496,do,AUX,2158845516055552166,1034965,he,AUX,1655312771067108281,1071330
3497,with,ADP,12510949447758279278,1034965,de,ADP,11144093025662894627,1071330
3498,that,DET,4380130941430378203,1034965,las,DET,6526950402091386798,1071330
3499,Enron,PROPN,16398877448063810194,1034965,que,PRON,11474801393294414462,1071330
3500,Stadium,PROPN,18150793570925595752,1034965,tenido,ADJ,14226950906884852717,1073330
3501,thing,NOUN,2473243759842082748,1034965,ideas,NOUN,3601960780694130587,1071330
3502,.,PUNCT,12646065887601541794,1034965,y,CONJ,9409450202036847209,1073330
3503,(,PUNCT,12638816674900267446,1038771,con,ADP,6945313634251781056,1073330
3504,Laughter,PROPN,9911806888783028371,1038771,las,DET,6526950402091386798,1073330
3505,),PUNCT,3842344029291005339,1038771,que,PRON,11474801393294414462,1073330
3506,Fine,ADJ,3719136456327839402,1039814,me,PRON,18197037023634208128,1073330
3507,arts,NOUN,10763589500099602820,1039814,he,AUX,1655312771067108281,1073330
3508,and,CCONJ,2283656566040971221,1039814,a,ADP,11901859001352538922,1073330
3509,education,NOUN,11255438928975991251,1039814,largo,NOUN,18283247863369861868,1073330
3510,in,ADP,3002984154512732771,1039814,del,ADP,14178434899903659559,1073330
3511,the,DET,7425985699627899538,1039814,lo,DET,12507729120330568444,1073330
3512,schools,NOUN,4067498641991372780,1039814,tiempo,NOUN,3897009725270815938,1073330
3513,is,AUX,3411606890003347522,1039814,es,AUX,10343076919720641053,1078330
3514,disappearing,VERB,9596861521379868079,1039814,encontrado,VERB,1131787292149841661,1073330
3515,",",PUNCT,2593208677638477497,1039814,.,PUNCT,12646065887601541794,1073330
3516,And,CCONJ,12172435438170721471,1042719,de,ADP,11144093025662894627,1075330
3517,we,PRON,16064069575701507746,1042719,Una,PRON,8368038198201676205,1075330
3518,have,AUX,14692702688101715474,1042719,he,AUX,1655312771067108281,1075330
3519,a,DET,11901859001352538922,1042719,las,DET,6526950402091386798,1075330
3520,government,NOUN,3625794390087546215,1042719,cosas,NOUN,399513973913231652,1075330
3521,that,DET,4380130941430378203,1042719,una,DET,1019041181156623609,1078330
3522,seems,VERB,2446979777954330933,1042719,encontrado,VERB,1131787292149841661,1075330
3523,like,SCONJ,18194338103975822726,1042719,que,SCONJ,11474801393294414462,1078330
3524,it,PRON,10239237003504588839,1042719,que,PRON,11474801393294414462,1075330
3525,'s,AUX,16428057658620181782,1042719,hay,AUX,7335652051276811590,1078330
3526,gutting,VERB,9991632583726253610,1042719,reparar,VERB,12795894802003770459,1078330
3527,the,DET,7425985699627899538,1042719,la,DET,6804705863737483857,1080330
3528,NEA,PROPN,5492118641920833730,1042719,de,ADP,11144093025662894627,1078330
3529,and,CCONJ,2283656566040971221,1046473,necesidad,NOUN,3279096466215890166,1078330
3530,other,ADJ,1176656782636220709,1046473,entre,ADP,13518256460832573697,1080330
3531,programs,NOUN,8907754605662793867,1046473,dicotomía,NOUN,7412339912313625671,1080330
3532,.,PUNCT,12646065887601541794,1046473,la,DET,6804705863737483857,1080330
3533,So,CCONJ,3893465145528745987,1047660,mente,NOUN,534530165151678232,1080330
3534,we,PRON,16064069575701507746,1047660,y,CONJ,9409450202036847209,1080330
3535,have,AUX,14692702688101715474,1047660,el,DET,11488171005156075516,1080330
3536,to,PART,3791531372978436496,1047660,cuerpo,NOUN,12698382914908554617,1080330
3537,really,ADV,14653600329166397554,1047660,también,ADV,18236539777431520510,1082330
3538,stop,VERB,8369783199685603043,1047660,dijo,VERB,8367545516374751326,1082330
3539,and,CCONJ,2283656566040971221,1047660,Mi,DET,16281271840332988529,1082330
3540,think,VERB,16875814820671380748,1047660,madre,NOUN,10512109315562786158,1082330
3541,:,PUNCT,11532473245541075862,1047660,.,PUNCT,12646065887601541794,1082330
3542,What,PRON,5931147113347055926,1049783,me,PRON,18197037023634208128,1082330
3543,are,AUX,5012629990875267006,1049783,debes,AUX,14137736609678122540,1084330
3544,we,PRON,16064069575701507746,1049783,siempre,ADV,15391811626801301543,1084330
3545,trying,VERB,5386905846056786656,1049783,saber,VERB,17611604145141490645,1084330
3546,to,PART,3791531372978436496,1049783,siempre,ADV,15391811626801301543,1082330
3547,do,AUX,2158845516055552166,1049783,ser,AUX,940341820454552972,1084330
3548,with,ADP,12510949447758279278,1049783,en,ADP,14626626061804382878,1086330
3549,the,DET,7425985699627899538,1049783,lo,DET,12507729120330568444,1084330
3550,sciences,NOUN,17229130392928749018,1049783,observadora,NOUN,13614663714447727954,1084330
3551,and,CCONJ,2283656566040971221,1049783,sucede,VERB,11983801784852679058,1086330
3552,the,DET,7425985699627899538,1049783,tu,DET,17788273122503907059,1086330
3553,arts,NOUN,10763589500099602820,1049783,mente,NOUN,534530165151678232,1086330
3554,?,PUNCT,8205403955989537350,1049783,",",PUNCT,2593208677638477497,1084330
3555,There,PRON,6090035477591592277,1052839,que,PRON,11474801393294414462,1084330
3556,'s,AUX,16428057658620181782,1052839,y,CONJ,9409450202036847209,1086330
3557,a,DET,11901859001352538922,1052839,esta,DET,5821559423218928566,1088330
3558,need,NOUN,478886015463313967,1052839,cuerpo,NOUN,12698382914908554617,1086330
3559,to,PART,3791531372978436496,1052839,y,CONJ,9409450202036847209,1088330
3560,revitalize,VERB,13464805133404441615,1052839,tuve,VERB,10890668875186725555,1088330
3561,them,PRON,7976265300568155021,1052839,bailarina,PROPN,709870372350570093,1088330
3562,.,PUNCT,12646065887601541794,1052839,",",PUNCT,2593208677638477497,1086330
3563,We,PRON,15667417291854480293,1054736,como,SCONJ,3817173063683202752,1088330
3564,have,AUX,14692702688101715474,1054736,enorme,ADJ,1204841031276129712,1088330
3565,to,PART,3791531372978436496,1054736,fe,NOUN,18050892110702616778,1090330
3566,pay,VERB,645224182615914541,1054736,en,ADP,14626626061804382878,1090330
3567,attention,NOUN,3758689755797932712,1054736,habilidad,NOUN,10376465752716162383,1090330
3568,to,ADP,3791531372978436496,1054736,para,ADP,17491956544424926374,1090330
3569,it,PRON,10239237003504588839,1054736,mi,DET,8676063341920465065,1090330
3570,.,PUNCT,12646065887601541794,1054736,",",PUNCT,2593208677638477497,1090330
3571,I,PRON,4690420944186131903,1056331,mi,DET,8676063341920465065,1090330
3572,just,ADV,7148522813498185515,1056331,justamente,ADV,16314372131023641402,1092330
3573,want,VERB,7597692042947428029,1056331,conocer,VERB,14164156141734927144,1090330
3574,to,PART,3791531372978436496,1056331,cuerpo,NOUN,12698382914908554617,1090330
3575,tell,VERB,63172552626595070,1056331,sabía,VERB,12332234671511129413,1092330
3576,you,PRON,7624161793554793053,1056331,como,SCONJ,3817173063683202752,1092330
3577,quickly,ADV,7007696535375059571,1056331,Luego,ADV,12469601405544975109,1094330
3578,what,PRON,5865838185239622912,1056331,los,DET,7307884290799599686,1092330
3579,I,PRON,4690420944186131903,1056331,colores,NOUN,3346011474085800958,1092330
3580,'m,AUX,8504683628951808721,1056331,fui,AUX,11515670327260346786,1094330
3581,doing,VERB,10515043043501955111,1056331,percibir,VERB,15721288960042075860,1092330
3582,--,PUNCT,10501404726543969396,1056331,.,PUNCT,12646065887601541794,1092330
3583,(,PUNCT,12638816674900267446,1059421,a,ADP,11901859001352538922,1094330
3584,Applause,NOUN,8922310725892301193,1059421,medicina,NOUN,4336550129293835865,1094330
3585,),PUNCT,3842344029291005339,1059421,facultad,PROPN,14007190863366182733,1094330
3586,I,PRON,4690420944186131903,1066369,de,ADP,11144093025662894627,1094330
3587,want,VERB,7597692042947428029,1066369,la,DET,6804705863737483857,1094330
3588,to,PART,3791531372978436496,1066369,y,CONJ,9409450202036847209,1094330
3589,tell,VERB,63172552626595070,1066369,suponía,VERB,4727022326386062868,1096330
3590,you,PRON,7624161793554793053,1066369,se,PRON,9839690450034771972,1094330
3591,what,PRON,5865838185239622912,1066369,que,SCONJ,11474801393294414462,1096330
3592,I,PRON,4690420944186131903,1066369,que,PRON,11474801393294414462,1098330
3593,'ve,AUX,2989924464908128948,1066369,debía,AUX,14306224685398379800,1096330
3594,been,AUX,12517269084653561647,1066369,lo,DET,12507729120330568444,1098330
3595,doing,VERB,10515043043501955111,1066369,seguir,VERB,13956643104937558777,1096330
3596,a,DET,11901859001352538922,1066369,la,DET,6804705863737483857,1098330
3597,little,ADJ,9778055143417507723,1066369,decía,VERB,6478811460363771580,1098330
3598,bit,NOUN,1794436035373472204,1066369,máquina,NOUN,14025499802764073780,1098330
3599,since,ADV,10066841407251338481,1066369,acerca,ADV,4355306406960221317,1098330
3600,...,PUNCT,10875615029400813363,1066369,.,PUNCT,12646065887601541794,1098330
3601,I,PRON,4690420944186131903,1070318,de,ADP,11144093025662894627,1098330
3602,feel,VERB,5741770584995928333,1070318,Saben,VERB,16914411474018175786,1100330
3603,this,DET,1995909169258310477,1070318,los,DET,7307884290799599686,1098330
3604,need,NOUN,478886015463313967,1070318,cuerpos,NOUN,13585276743683397309,1098330
3605,to,PART,3791531372978436496,1070318,",",PUNCT,2593208677638477497,1100330
3606,sort,ADV,2944576840756700711,1070318,yo,PRON,8387856443177761115,1100330
3607,of,ADV,886050111519832510,1070318,le,PRON,13361843836202591494,1100330
3608,integrate,VERB,14935986945223263592,1070318,hacía,VERB,16276679430589595624,1100330
3609,some,DET,7000492816108906599,1070318,preguntas,NOUN,7395204174967875157,1100330
3610,of,ADP,886050111519832510,1070318,a,ADP,11901859001352538922,1100330
3611,the,DET,7425985699627899538,1070318,los,DET,7307884290799599686,1100330
3612,ideas,NOUN,3601960780694130587,1070318,pacientes,NOUN,6549233108077723705,1100330
3613,that,SCONJ,4380130941430378203,1073784,y,CONJ,9409450202036847209,1102330
3614,I,PRON,4690420944186131903,1073784,me,PRON,18197037023634208128,1102330
3615,'ve,AUX,2989924464908128948,1073784,personas,NOUN,1891828540174324529,1102330
3616,had,VERB,12960022596163002503,1073784,decían,VERB,4221617991677919757,1102330
3617,and,CCONJ,2283656566040971221,1073784,algunas,DET,4272547645188157321,1102330
3618,run,VERB,12767647472892411841,1073784,:,PUNCT,11532473245541075862,1102330
3619,across,ADP,12865022372469924430,1073784,"""",PUNCT,15884554869126768810,1104330
3620,over,ADP,5456543204961066030,1073784,No,ADV,9692231336188541085,1104330
3621,time,NOUN,8885804376230376864,1073784,",",PUNCT,2593208677638477497,1104330
3622,.,PUNCT,12646065887601541794,1073784,",",PUNCT,2593208677638477497,1104330
3623,One,NUM,12491099834491675542,1076208,no,ADV,13055779130471031426,1104330
3624,of,ADP,886050111519832510,1076208,no,ADV,13055779130471031426,1104330
3625,the,DET,7425985699627899538,1076208,lo,DET,12507729120330568444,1104330
3626,things,NOUN,3586418546468265269,1076208,atención,NOUN,4278380448285736899,1104330
3627,that,DET,4380130941430378203,1076208,los,DET,7307884290799599686,1106330
3628,I,PRON,4690420944186131903,1076208,le,PRON,13361843836202591494,1104330
3629,found,VERB,602335199165703938,1076208,pongas,VERB,7492068018846582504,1104330
3630,out,ADP,1696981056005371314,1076208,a,ADP,11901859001352538922,1104330
3631,is,AUX,3411606890003347522,1076208,pacientes,NOUN,6549233108077723705,1106330
3632,that,SCONJ,4380130941430378203,1076208,que,SCONJ,11474801393294414462,1106330
3633,there,PRON,2112642640949226496,1076208,dicen,VERB,8884198959759046866,1106330
3634,'s,AUX,16428057658620181782,1076208,"""",PUNCT,15884554869126768810,1106330
3635,a,DET,11901859001352538922,1076208,.,PUNCT,12646065887601541794,1106330
3636,need,NOUN,478886015463313967,1076208,Sabemos,VERB,11149145169950547110,1106330
3637,to,PART,3791531372978436496,1076208,que,SCONJ,11474801393294414462,1106330
3638,repair,VERB,1594796327064612570,1076208,conocen,VERB,13716739623111660917,1108330
3639,the,DET,7425985699627899538,1080580,los,DET,7307884290799599686,1106330
3640,dichotomy,NOUN,8046242586343656732,1080580,pacientes,NOUN,6549233108077723705,1106330
3641,between,ADP,7508752285157982505,1080580,y,CONJ,9409450202036847209,1108330
3642,the,DET,7425985699627899538,1080580,sus,DET,11087495102510657763,1108330
3643,mind,NOUN,8811887512194128535,1080580,entienden,VERB,4247114283946520886,1108330
3644,and,CCONJ,2283656566040971221,1080580,pero,CONJ,4949779210556390094,1110330
3645,body,NOUN,12275956947298454125,1080580,cuerpos,NOUN,13585276743683397309,1108330
3646,as,ADV,7437575085468336610,1080580,mejor,ADV,14725428618395848736,1108330
3647,well,ADV,4525988469032889948,1080580,actualmente,ADV,10815618193951985395,1110330
3648,.,PUNCT,12646065887601541794,1080580,de,ADP,11144093025662894627,1110330
3649,My,DET,16248400320781648534,1083167,esa,DET,12150002208949237779,1112330
3650,mother,NOUN,7963322251145911254,1083167,separarlos,NOUN,5066584827246236047,1110330
3651,always,ADV,17471638809377599778,1083167,de,ADP,11144093025662894627,1112330
3652,told,VERB,1245643389253732868,1083167,tratamos,VERB,17300610424584269047,1110330
3653,me,PRON,18197037023634208128,1083167,idea,NOUN,5566782022517605861,1112330
3654,",",PUNCT,2593208677638477497,1083167,.,PUNCT,12646065887601541794,1112330
3655,you,PRON,7624161793554793053,1083167,reconciliar,VERB,16964011815478215134,1112330
3656,have,AUX,14692702688101715474,1083167,Debemos,AUX,2835853030284394327,1112330
3657,to,PART,3791531372978436496,1083167,el,DET,11488171005156075516,1112330
3658,be,AUX,10382539506755952630,1083167,conocimiento,NOUN,5879418985679109793,1114330
3659,observant,ADJ,16271331271160943885,1083167,que,SCONJ,11474801393294414462,1114330
3660,",",PUNCT,2593208677638477497,1083167,el,DET,11488171005156075516,1114330
3661,know,VERB,7743033266031195906,1085840,tiene,VERB,12773169655925470509,1114330
3662,what,PRON,5865838185239622912,1085840,paciente,NOUN,1189622450413098003,1114330
3663,'s,AUX,16428057658620181782,1085840,cuerpo,NOUN,12698382914908554617,1114330
3664,going,VERB,14242014708739787450,1085840,Tuvimos,VERB,8336976345840943009,1118330
3665,on,ADP,5640369432778651323,1085840,de,ADP,11144093025662894627,1114330
3666,in,ADP,3002984154512732771,1085840,con,ADP,6945313634251781056,1116330
3667,your,DET,1572612192562026184,1085840,las,DET,6526950402091386798,1116330
3668,mind,NOUN,8811887512194128535,1085840,mediciones,NOUN,9643275282696009851,1116330
3669,and,CCONJ,2283656566040971221,1085840,del,ADP,14178434899903659559,1116330
3670,your,DET,1572612192562026184,1085840,su,DET,14248009254309298022,1114330
3671,body,NOUN,12275956947298454125,1085840,médico,NOUN,7637227893096794429,1116330
3672,.,PUNCT,12646065887601541794,1085840,.,PUNCT,12646065887601541794,1116330
3673,And,CCONJ,12172435438170721471,1088106,a,ADP,11901859001352538922,1118330
3674,as,SCONJ,7437575085468336610,1088106,alguien,PRON,8221925569234736850,1118330
3675,a,DET,11901859001352538922,1088106,habló,VERB,5016653801886742696,1118330
3676,dancer,NOUN,3637084077466749397,1088106,emociones,NOUN,5283122744051515140,1120330
3677,",",PUNCT,2593208677638477497,1088106,de,ADP,11144093025662894627,1120330
3678,I,PRON,4690420944186131903,1088106,que,PRON,11474801393294414462,1118330
3679,had,AUX,12960022596163002503,1088106,medir,VERB,10309035181149721992,1120330
3680,this,DET,1995909169258310477,1088106,las,DET,6526950402091386798,1120330
3681,tremendous,ADJ,5922451142185288652,1088106,y,CONJ,9409450202036847209,1120330
3682,faith,NOUN,17320273620178522794,1088106,conseguir,VERB,8444440925015091949,1120330
3683,in,ADP,3002984154512732771,1088106,para,ADP,17491956544424926374,1122330
3684,my,DET,227504873216781231,1088106,¿,PUNCT,3095673970880011110,1122330
3685,ability,NOUN,11565809527369121409,1088106,máquinas,NOUN,12405315247117268641,1120330
3686,to,PART,3791531372978436496,1088106,averiguar,AUX,16497500829832257928,1122330
3687,know,VERB,7743033266031195906,1088106,evitar,VERB,6026171116465046534,1122330
3688,my,DET,227504873216781231,1088106,qué,PRON,2438889091638947136,1122330
3689,body,NOUN,12275956947298454125,1088106,Para,ADP,10333969874311743441,1122330
3690,",",PUNCT,2593208677638477497,1088106,?,PUNCT,8205403955989537350,1122330
3691,just,ADV,7148522813498185515,1091804,locos,ADJ,13913285965104247402,1124330
3692,as,SCONJ,7437575085468336610,1091804,que,SCONJ,11474801393294414462,1124330
3693,I,PRON,4690420944186131903,1091804,nos,PRON,6968452539944589995,1124330
3694,knew,VERB,11064807788920563711,1091804,volvamos,VERB,15907775299727040857,1124330
3695,how,ADV,16331095434822636218,1091804,No,ADV,9692231336188541085,1126330
3696,to,PART,3791531372978436496,1091804,¿,PUNCT,3095673970880011110,1124330
3697,sense,VERB,13164634093912748321,1091804,",",PUNCT,2593208677638477497,1124330
3698,colors,NOUN,18166595709654541906,1091804,?,PUNCT,8205403955989537350,1124330
3699,.,PUNCT,12646065887601541794,1091804,",",PUNCT,2593208677638477497,1126330
3700,Then,ADV,3636093925232013737,1094286,no,ADV,13055779130471031426,1126330
3701,I,PRON,4690420944186131903,1094286,debemos,AUX,483227938760077305,1126330
3702,went,VERB,6077427682057990751,1094286,medir,VERB,10309035181149721992,1126330
3703,to,ADP,3791531372978436496,1094286,para,ADP,17491956544424926374,1130330
3704,medical,ADJ,10039723232229819975,1094286,cierto,ADJ,7125988886725757465,1124330
3705,school,NOUN,13293160603192985325,1094286,máquinas,NOUN,12405315247117268641,1128330
3706,",",PUNCT,2593208677638477497,1094286,",",PUNCT,2593208677638477497,1126330
3707,and,CCONJ,2283656566040971221,1096627,usar,VERB,10841222263501392999,1128330
3708,I,PRON,4690420944186131903,1096627,no,ADV,13055779130471031426,1128330
3709,was,AUX,9921686513378912864,1096627,debemos,AUX,483227938760077305,1128330
3710,supposed,VERB,17976219795788340076,1096627,medir,VERB,10309035181149721992,1130330
3711,to,PART,3791531372978436496,1096627,la,DET,6804705863737483857,1130330
3712,just,ADV,7148522813498185515,1096627,furia,NOUN,11571786432364030443,1130330
3713,go,VERB,8004577259940138793,1096627,y,CONJ,9409450202036847209,1130330
3714,on,ADP,5640369432778651323,1096627,de,ADP,11144093025662894627,1130330
3715,what,PRON,5865838185239622912,1096627,algo,PRON,16528986040643271495,1132330
3716,the,DET,7425985699627899538,1096627,la,DET,6804705863737483857,1130330
3717,machine,NOUN,1826470356240629538,1096627,carretera,NOUN,3419083376751601160,1130330
3718,said,VERB,17573686707662795042,1096627,hacer,VERB,17672920047749692400,1132330
3719,about,ADP,942632335873952620,1096627,para,ADP,17491956544424926374,1132330
3720,bodies,NOUN,6357372336015310900,1096627,Tal,NOUN,5456240038276239557,1134330
3721,.,PUNCT,12646065887601541794,1096627,no,ADV,13055779130471031426,1132330
3722,You,PRON,4678963469726251353,1100842,que,PRON,11474801393294414462,1134330
3723,know,VERB,7743033266031195906,1100842,tenerla,VERB,226210007440272942,1132330
3724,",",PUNCT,2593208677638477497,1100842,.,PUNCT,12646065887601541794,1132330
3725,you,PRON,7624161793554793053,1100842,nos,PRON,6968452539944589995,1134330
3726,would,VERB,6992604926141104606,1100842,tengamos,VERB,3577502150478203483,1134330
3727,ask,VERB,203487227105936704,1100842,ayuden,VERB,14107537155434073988,1134330
3728,patients,NOUN,9411398066792923322,1100842,máquinas,NOUN,12405315247117268641,1134330
3729,questions,NOUN,3626233646565002230,1100842,vez,NOUN,8246815288216585998,1134330
3730,and,CCONJ,2283656566040971221,1100842,a,ADP,11901859001352538922,1136330
3731,some,DET,7000492816108906599,1100842,reconocer,AUX,11475919831462243162,1136330
3732,people,NOUN,7593739049417968140,1100842,ira,NOUN,6865877428661321574,1136330
3733,would,VERB,6992604926141104606,1100842,tenemos,VERB,15443725945600917365,1136330
3734,tell,VERB,63172552626595070,1100842,que,SCONJ,11474801393294414462,1136330
3735,you,PRON,7624161793554793053,1100842,de,ADP,11144093025662894627,1136330
3736,",",PUNCT,2593208677638477497,1100842,carretera,NOUN,3419083376751601160,1136330
3737,"""",PUNCT,15884554869126768810,1104414,y,CONJ,9409450202036847209,1136330
3738,Do,AUX,10951603910464382420,1104414,haya,AUX,7808022084878902490,1138330
3739,n't,PART,2043519015752540944,1104414,luego,ADV,4526122816444084130,1138330
3740,listen,VERB,17732597742361331750,1104414,saber,VERB,17611604145141490645,1138330
3741,to,ADP,3791531372978436496,1104414,sin,ADP,1903330255553929531,1140330
3742,what,PRON,5865838185239622912,1104414,cómo,PRON,8106224997027377807,1138330
3743,the,DET,7425985699627899538,1104414,que,SCONJ,11474801393294414462,1138330
3744,patient,NOUN,14577208587912523278,1104414,máquinas,NOUN,12405315247117268641,1140330
3745,said,VERB,17573686707662795042,1104414,controlarla,VERB,3833810279327489841,1138330
3746,.,PUNCT,12646065887601541794,1104414,.,PUNCT,12646065887601541794,1140330
3747,"""",PUNCT,15884554869126768810,1104414,Inclusive,PROPN,8995948105801657531,1140330
3748,We,PRON,15667417291854480293,1106346,eso,PRON,12716495710533357957,1142330
3749,know,VERB,7743033266031195906,1106346,tenemos,VERB,15443725945600917365,1140330
3750,that,SCONJ,4380130941430378203,1106346,que,SCONJ,11474801393294414462,1140330
3751,patients,NOUN,9411398066792923322,1106346,capaces,ADJ,2745403954436853971,1142330
3752,know,VERB,7743033266031195906,1106346,ser,AUX,940341820454552972,1140330
3753,and,CCONJ,2283656566040971221,1106346,de,ADP,11144093025662894627,1142330
3754,understand,VERB,2256871070683278179,1106346,reconocer,VERB,11475919831462243162,1142330
3755,their,DET,4244585616942201722,1106346,sin,ADP,1903330255553929531,1142330
3756,bodies,NOUN,6357372336015310900,1106346,máquinas,NOUN,12405315247117268641,1142330
3757,better,ADV,13468287115010965206,1106346,que,PRON,11474801393294414462,1144330
3758,",",PUNCT,2593208677638477497,1106346,¿,PUNCT,3095673970880011110,1146330
3759,but,CCONJ,14560795576765492085,1109314,de,ADP,11144093025662894627,1144330
3760,these,DET,6459564349623679250,1109314,Lo,DET,3892584616005055440,1144330
3761,days,NOUN,18443948407981750281,1109314,verdad,NOUN,7775753967344835232,1144330
3762,we,PRON,16064069575701507746,1109314,me,PRON,18197037023634208128,1144330
3763,'re,AUX,523464648099722843,1109314,es,AUX,10343076919720641053,1146330
3764,trying,VERB,5386905846056786656,1109314,preocupa,VERB,7019395350163506547,1144330
3765,to,PART,3791531372978436496,1109314,consciencia,NOUN,14197166007797210158,1146330
3766,divorce,VERB,4328862161303294276,1109314,reafirmamos,VERB,3464645941376826255,1146330
3767,them,PRON,7976265300568155021,1109314,cómo,PRON,8106224997027377807,1146330
3768,from,ADP,7831658034963690409,1109314,auto,NOUN,8828430276747728323,1146330
3769,that,DET,4380130941430378203,1109314,nuestra,DET,6434645427240457100,1146330
3770,idea,NOUN,5566782022517605861,1109314,humanos,NOUN,14152445401080590110,1148330
3771,.,PUNCT,12646065887601541794,1109314,",",PUNCT,2593208677638477497,1148330
3772,We,PRON,15667417291854480293,1112848,como,SCONJ,3817173063683202752,1148330
3773,have,AUX,14692702688101715474,1112848,como,SCONJ,3817173063683202752,1148330
3774,to,PART,3791531372978436496,1112848,biológicos,ADJ,616473777100030744,1148330
3775,reconcile,VERB,4907800131035411873,1112848,habló,VERB,5016653801886742696,1151330
3776,the,DET,7425985699627899538,1112848,?,PUNCT,8205403955989537350,1148330
3777,patient,NOUN,14577208587912523278,1112848,organismos,NOUN,7505987343038927170,1148330
3778,'s,PART,16428057658620181782,1112848,Moschen,PROPN,8363883253361210975,1151330
3779,knowledge,NOUN,841909098595075712,1112848,Michael,PROPN,7950405567969217468,1151330
3780,of,ADP,886050111519832510,1112848,de,ADP,11144093025662894627,1151330
3781,their,DET,4244585616942201722,1112848,tener,VERB,9273468649798460046,1151330
3782,body,NOUN,12275956947298454125,1112848,que,SCONJ,11474801393294414462,1151330
3783,with,ADP,12510949447758279278,1116764,enseñar,VERB,18019261194979489050,1151330
3784,physicians,NOUN,7457321194879553256,1116764,y,CONJ,9409450202036847209,1153330
3785,',PART,11221368173670222813,1116764,aprender,VERB,5119772408535974645,1153330
3786,measurements,NOUN,3556469732037303117,1116764,ojos,NOUN,12057676107727427531,1153330
3787,.,PUNCT,12646065887601541794,1116764,con,ADP,6945313634251781056,1153330
3788,We,PRON,15667417291854480293,1119658,cómo,PRON,8106224997027377807,1153330
3789,had,AUX,12960022596163002503,1119658,los,DET,7307884290799599686,1153330
3790,someone,PRON,18024645270525013057,1119658,y,CONJ,9409450202036847209,1153330
3791,talk,VERB,13939146775466599234,1119658,sentir,VERB,12042328409217450910,1153330
3792,about,ADP,942632335873952620,1119658,con,ADP,6945313634251781056,1155330
3793,measuring,VERB,6218126148904821203,1119658,ver,VERB,16203534885047373824,1155330
3794,emotions,NOUN,18004164431615179214,1119658,manos,NOUN,2618334849030575470,1155330
3795,and,CCONJ,2283656566040971221,1122599,las,DET,6526950402091386798,1155330
3796,getting,VERB,1385318218384692368,1122599,.,PUNCT,12646065887601541794,1155330
3797,machines,NOUN,14852171828751526697,1122599,clase,NOUN,5546977650764052488,1158330
3798,to,PART,3791531372978436496,1122599,toda,DET,6406953881253465916,1158330
3799,figure,VERB,13707025353810924047,1122599,Tenemos,VERB,5367294043555675997,1158330
3800,out,ADP,1696981056005371314,1122599,de,ADP,11144093025662894627,1158330
3801,what,PRON,5865838185239622912,1122599,posibilidades,NOUN,4706210159704309494,1158330
3802,to,PART,3791531372978436496,1122599,nuestros,DET,8277433627748971173,1161330
3803,keep,VERB,9099225972875567996,1122599,usar,VERB,10841222263501392999,1158330
3804,us,PRON,4950757572332304006,1122599,eso,PRON,12716495710533357957,1161330
3805,from,ADP,7831658034963690409,1122599,para,ADP,17491956544424926374,1158330
3806,acting,VERB,6581239733047197378,1122599,y,CONJ,9409450202036847209,1161330
3807,crazy,ADJ,16792598155547231470,1122599,sentidos,ADJ,1092596710966317072,1161330
3808,.,PUNCT,12646065887601541794,1122599,",",PUNCT,2593208677638477497,1161330
3809,No,INTJ,9692231336188541085,1127360,es,AUX,10343076919720641053,1163330
3810,",",PUNCT,2593208677638477497,1127360,lo,DET,12507729120330568444,1163330
3811,we,PRON,16064069575701507746,1127360,que,PRON,11474801393294414462,1163330
3812,should,VERB,10292920167869855674,1127360,tenemos,VERB,15443725945600917365,1163330
3813,n't,PART,2043519015752540944,1127360,que,SCONJ,11474801393294414462,1163330
3814,measure,VERB,4134526893188418915,1127360,hacer,VERB,17672920047749692400,1163330
3815,.,PUNCT,12646065887601541794,1127360,.,PUNCT,12646065887601541794,1163330
3816,We,PRON,15667417291854480293,1128769,Eso,PRON,4568893308372095616,1165330
3817,should,VERB,10292920167869855674,1128769,es,AUX,10343076919720641053,1165330
3818,n't,PART,2043519015752540944,1128769,lo,DET,12507729120330568444,1165330
3819,use,VERB,6873750497785110593,1128769,quiero,VERB,6447749186237085781,1165330
3820,machines,NOUN,14852171828751526697,1128769,que,PRON,11474801393294414462,1165330
3821,to,PART,3791531372978436496,1128769,hacer,AUX,17672920047749692400,1165330
3822,measure,VERB,4134526893188418915,1128769,usar,VERB,10841222263501392999,1165330
3823,road,NOUN,13540101588783668053,1128769,:,PUNCT,11532473245541075862,1165330
3824,rage,NOUN,10755207142630585908,1128769,bioinstrumentación,NOUN,12606468411935135336,1167330
3825,and,CCONJ,2283656566040971221,1131102,de,ADP,11144093025662894627,1165330
3826,then,ADV,2630753287402592467,1131102,la,DET,6804705863737483857,1167330
3827,do,AUX,2158845516055552166,1131102,tratar,AUX,9470663700976835241,1165330
3828,something,PRON,17370494668576369452,1131102,",",PUNCT,2593208677638477497,1167330
3829,to,PART,3791531372978436496,1131102,esas,DET,10655423642715274542,1167330
3830,keep,VERB,9099225972875567996,1131102,cosas,NOUN,399513973913231652,1167330
3831,us,PRON,4950757572332304006,1131102,para,ADP,17491956544424926374,1170330
3832,from,ADP,7831658034963690409,1131102,a,ADP,11901859001352538922,1170330
3833,engaging,VERB,15967722506219562816,1131102,ayudar,VERB,3407187789669882637,1170330
3834,in,ADP,3002984154512732771,1131102,en,ADP,14626626061804382878,1170330
3835,it,PRON,10239237003504588839,1131102,los,DET,7307884290799599686,1170330
3836,.,PUNCT,12646065887601541794,1131102,.,PUNCT,12646065887601541794,1170330
3837,Maybe,ADV,2411557000688341021,1133635,lo,DET,12507729120330568444,1170330
3838,we,PRON,16064069575701507746,1133635,que,PRON,11474801393294414462,1170330
3839,can,VERB,6635067063807956629,1133635,hacemos,VERB,3144093053378516910,1170330
3840,have,AUX,14692702688101715474,1133635,es,AUX,10343076919720641053,1172330
3841,machines,NOUN,14852171828751526697,1133635,sentidos,NOUN,1092596710966317072,1170330
3842,help,VERB,17461235395181654430,1133635,el,DET,11488171005156075516,1172330
3843,us,PRON,4950757572332304006,1133635,Ese,PRON,9548668832634925705,1172330
3844,to,PART,3791531372978436496,1133635,he,AUX,1655312771067108281,1172330
3845,recognize,VERB,8168714074841482445,1133635,haciendo,VERB,13728506546301763949,1172330
3846,that,SCONJ,4380130941430378203,1133635,como,SCONJ,3817173063683202752,1172330
3847,we,PRON,16064069575701507746,1133635,que,PRON,11474801393294414462,1172330
3848,have,AUX,14692702688101715474,1133635,estado,AUX,16787858920008161436,1172330
3849,road,NOUN,13540101588783668053,1133635,trabajo,NOUN,1376217758131583815,1172330
3850,rage,NOUN,10755207142630585908,1133635,compañía,NOUN,3483509477089566242,1175330
3851,",",PUNCT,2593208677638477497,1133635,una,DET,1019041181156623609,1175330
3852,and,CCONJ,2283656566040971221,1137627,llamada,ADJ,16856865464941430323,1175330
3853,then,ADV,2630753287402592467,1137627,Corporación,PROPN,17313643967413359260,1175330
3854,we,PRON,16064069575701507746,1137627,Le,PRON,17405251050291145966,1177330
3855,need,VERB,478886015463313967,1137627,BioSentient,PROPN,9766948585538999416,1175330
3856,to,PART,3791531372978436496,1137627,.,PUNCT,12646065887601541794,1175330
3857,know,VERB,7743033266031195906,1137627,hago,VERB,409998428436883496,1177330
3858,how,ADV,16331095434822636218,1137627,propaganda,NOUN,13026328353416069451,1177330
3859,to,PART,3791531372978436496,1137627,porque,SCONJ,5757082442330786044,1177330
3860,control,VERB,572204754761179701,1137627,soy,AUX,17522542327445150890,1179330
3861,that,SCONJ,4380130941430378203,1137627,porque,SCONJ,5757082442330786044,1179330
3862,without,ADP,4711265942760212190,1137627,empresaria,NOUN,6857400062921272362,1179330
3863,the,DET,7425985699627899538,1137627,una,DET,1019041181156623609,1179330
3864,machines,NOUN,14852171828751526697,1137627,empresario,NOUN,4834380121627393513,1179330
3865,.,PUNCT,12646065887601541794,1137627,;,PUNCT,631425121691394544,1179330
3866,We,PRON,15667417291854480293,1140832,alguien,PRON,8221925569234736850,1181330
3867,even,ADV,17339226045912991082,1140832,el,DET,11488171005156075516,1179330
3868,need,VERB,478886015463313967,1140832,dice,VERB,14840232511926861974,1181330
3869,to,PART,3791531372978436496,1140832,que,SCONJ,11474801393294414462,1181330
3870,be,AUX,10382539506755952630,1140832,es,AUX,10343076919720641053,1181330
3871,able,ADJ,1651510583525861271,1140832,que,PRON,11474801393294414462,1181330
3872,to,PART,3791531372978436496,1140832,hace,VERB,12135968124517883173,1181330
3873,recognize,VERB,8168714074841482445,1140832,quiere,VERB,3686747369933169209,1183330
3874,that,SCONJ,4380130941430378203,1140832,porque,SCONJ,5757082442330786044,1183330
3875,without,ADP,4711265942760212190,1140832,hacer,VERB,17672920047749692400,1183330
3876,the,DET,7425985699627899538,1140832,lo,DET,12507729120330568444,1181330
3877,machines,NOUN,14852171828751526697,1140832,dinero,NOUN,13356274629815975018,1185330
3878,.,PUNCT,12646065887601541794,1140832,tiene,VERB,12773169655925470509,1183330
3879,What,PRON,5931147113347055926,1144117,que,PRON,11474801393294414462,1181330
3880,I,PRON,4690420944186131903,1144117,para,ADP,17491956544424926374,1185330
3881,'m,AUX,8504683628951808721,1144117,como,SCONJ,3817173063683202752,1185330
3882,very,ADV,9548244504980166557,1144117,no,ADV,13055779130471031426,1185330
3883,concerned,ADJ,14408474211775539142,1144117,suficiente,ADJ,13994381781353896778,1183330
3884,about,ADP,942632335873952620,1144117,de,ADP,11144093025662894627,1185330
3885,is,AUX,3411606890003347522,1144117,un,DET,12188161997964598936,1185330
3886,:,PUNCT,11532473245541075862,1144117,.,PUNCT,12646065887601541794,1185330
3887,How,ADV,16762307017182994292,1146643,trabajo,NOUN,1376217758131583815,1185330
3888,do,AUX,2158845516055552166,1146643,es,AUX,10343076919720641053,1187330
3889,we,PRON,16064069575701507746,1146643,ese,PRON,17080020411610877296,1187330
3890,bolster,VERB,16043164748978196561,1146643,tener,VERB,9273468649798460046,1185330
3891,our,DET,17577015140245084783,1146643,Risas,PROPN,1052418954792767806,1187330
3892,self,NOUN,10899396943792836290,1146643,verdad,NOUN,7775753967344835232,1185330
3893,-,PUNCT,9153284864653046197,1146643,(,PUNCT,12638816674900267446,1187330
3894,awareness,NOUN,5662853588075808543,1146643,Pero,CONJ,3012608552889114327,1187330
3895,as,SCONJ,7437575085468336610,1146643,el,DET,11488171005156075516,1187330
3896,humans,NOUN,10583631370292080577,1146643,trabajo,NOUN,1376217758131583815,1187330
3897,",",PUNCT,2593208677638477497,1146643,),PUNCT,3842344029291005339,1187330
3898,as,SCONJ,7437575085468336610,1146643,que,PRON,11474801393294414462,1187330
3899,biological,ADJ,15933680005077641099,1146643,la,DET,6804705863737483857,1189330
3900,organisms,NOUN,14436591089009975822,1146643,intento,NOUN,10331264455322406331,1189330
3901,?,PUNCT,8205403955989537350,1146643,",",PUNCT,2593208677638477497,1189330
3902,Michael,PROPN,7950405567969217468,1152316,Corporación,PROPN,17313643967413359260,1189330
3903,Moschen,PROPN,8363883253361210975,1152316,BioSentinent,PROPN,1990519003811265878,1189330
3904,spoke,VERB,14447978698240277670,1152316,hago,VERB,409998428436883496,1187330
3905,of,ADP,886050111519832510,1152316,con,ADP,6945313634251781056,1189330
3906,having,VERB,8813345386932560795,1152316,averiguar,VERB,16497500829832257928,1189330
3907,to,PART,3791531372978436496,1152316,cómo,PRON,8106224997027377807,1191330
3908,teach,VERB,9298866405196777311,1152316,integrar,VERB,4870978443712718856,1191330
3909,and,CCONJ,2283656566040971221,1155149,estas,DET,16010204526465958382,1191330
3910,learn,VERB,9664905639869093544,1155149,cosas,NOUN,399513973913231652,1191330
3911,how,ADV,16331095434822636218,1155149,.,PUNCT,12646065887601541794,1191330
3912,to,PART,3791531372978436496,1155149,Déjenme,PROPN,5259578851836909082,1193330
3913,feel,VERB,5741770584995928333,1155149,terminar,AUX,12490998422317520370,1193330
3914,with,ADP,12510949447758279278,1155149,diciendo,AUX,14057033338455075798,1193330
3915,my,DET,227504873216781231,1155149,mi,DET,8676063341920465065,1195330
3916,eyes,NOUN,17253078544852491660,1155149,propósito,NOUN,11075942753488291248,1195330
3917,",",PUNCT,2593208677638477497,1155149,que,SCONJ,11474801393294414462,1193330
3918,to,PART,3791531372978436496,1155149,personal,ADJ,861244163374911113,1195330
3919,see,VERB,11925638236994514241,1155149,de,ADP,11144093025662894627,1195330
3920,with,ADP,12510949447758279278,1155149,para,ADP,17491956544424926374,1195330
3921,my,DET,227504873216781231,1155149,el,DET,11488171005156075516,1195330
3922,hands,NOUN,1689680727489136653,1155149,diseño,NOUN,1689742004673472932,1195330
3923,.,PUNCT,12646065887601541794,1155149,",",PUNCT,2593208677638477497,1198330
3924,We,PRON,15667417291854480293,1159750,integrar,VERB,4870978443712718856,1198330
3925,have,AUX,14692702688101715474,1159750,es,AUX,10343076919720641053,1198330
3926,all,DET,13409319323822384369,1159750,lo,DET,12507729120330568444,1200330
3927,kinds,NOUN,14923179577745420183,1159750,futuro,NOUN,817804706655085151,1195330
3928,of,ADP,886050111519832510,1159750,en,ADP,14626626061804382878,1198330
3929,possibilities,NOUN,6485497105804062093,1159750,y,CONJ,9409450202036847209,1200330
3930,to,PART,3791531372978436496,1159750,intuitivo,ADJ,2564808258650287408,1200330
3931,use,VERB,6873750497785110593,1159750,pensar,VERB,2464981911360723565,1198330
3932,our,DET,17577015140245084783,1159750,lo,DET,12507729120330568444,1200330
3933,senses,NOUN,15315049019140505506,1159750,artes,NOUN,15604860080890534770,1203330
3934,by,ADV,16764210730586636600,1159750,analítico,ADJ,15143590046553578773,1200330
3935,",",PUNCT,2593208677638477497,1159750,.,PUNCT,12646065887601541794,1200330
3936,and,CCONJ,2283656566040971221,1163761,en,ADP,14626626061804382878,1200330
3937,that,DET,4380130941430378203,1163761,Las,DET,9845755628983179954,1203330
3938,'s,AUX,16428057658620181782,1163761,y,CONJ,9409450202036847209,1203330
3939,what,PRON,5865838185239622912,1163761,las,DET,6526950402091386798,1203330
3940,we,PRON,16064069575701507746,1163761,ciencias,NOUN,3502711777541729010,1203330
3941,have,AUX,14692702688101715474,1163761,están,AUX,9329291831938041508,1203330
3942,to,PART,3791531372978436496,1163761,no,ADV,13055779130471031426,1203330
3943,do,AUX,2158845516055552166,1163761,separadas,ADJ,11399723350776875924,1203330
3944,.,PUNCT,12646065887601541794,1163761,.,PUNCT,12646065887601541794,1203330
3945,That,DET,4759254855483594167,1165934,Una,DET,8368038198201676205,1207330
3946,'s,AUX,16428057658620181782,1165934,lección,NOUN,8074075249511757161,1207330
3947,what,PRON,5865838185239622912,1165934,de,ADP,11144093025662894627,1207330
3948,I,PRON,4690420944186131903,1165934,física,NOUN,15243635068899282205,1207330
3949,want,VERB,7597692042947428029,1165934,de,ADP,11144093025662894627,1207330
3950,to,PART,3791531372978436496,1165934,secundaria,NOUN,15109469813864576451,1207330
3951,do,AUX,2158845516055552166,1165934,antes,ADV,12446581712315785411,1207330
3952,--,PUNCT,10501404726543969396,1165934,de,ADP,11144093025662894627,1207330
3953,to,PART,3791531372978436496,1167789,que,SCONJ,11474801393294414462,1207330
3954,try,VERB,4812066089261065646,1167789,se,PRON,9839690450034771972,1207330
3955,to,PART,3791531372978436496,1167789,de,ADP,11144093025662894627,1209330
3956,use,VERB,6873750497785110593,1167789,vayan,VERB,15915281712575980621,1207330
3957,bioinstrumentation,NOUN,2582264535663206017,1167789,maestros,NOUN,10627300251155226298,1209330
3958,",",PUNCT,2593208677638477497,1167789,.,PUNCT,12646065887601541794,1207330
3959,those,DET,5224941539530611462,1167789,Los,DET,8281310487209232694,1209330
3960,kind,NOUN,11997309252971546427,1167789,física,NOUN,15243635068899282205,1209330
3961,of,ADP,886050111519832510,1167789,de,ADP,11144093025662894627,1209330
3962,things,NOUN,3586418546468265269,1167789,secundaria,NOUN,15109469813864576451,1209330
3963,",",PUNCT,2593208677638477497,1167789,solían,AUX,16888750842840286047,1209330
3964,to,PART,3791531372978436496,1171190,y,CONJ,9409450202036847209,1211330
3965,help,VERB,17461235395181654430,1171190,levantar,VERB,3835970974860452106,1211330
3966,our,DET,17577015140245084783,1171190,una,DET,1019041181156623609,1211330
3967,senses,NOUN,15315049019140505506,1171190,pelota,NOUN,17661487695840415938,1211330
3968,in,ADP,3002984154512732771,1171190,decían,VERB,4221617991677919757,1211330
3969,what,PRON,5865838185239622912,1171190,que,SCONJ,11474801393294414462,1211330
3970,we,PRON,16064069575701507746,1171190,tenía,VERB,9004033731572856802,1213330
3971,do,AUX,2158845516055552166,1171190,pelota,NOUN,17661487695840415938,1211330
3972,.,PUNCT,12646065887601541794,1171190,.,PUNCT,12646065887601541794,1213330
3973,That,DET,4759254855483594167,1174299,esa,DET,12150002208949237779,1211330
3974,'s,AUX,16428057658620181782,1174299,potencial,ADJ,13184386541584286676,1213330
3975,the,DET,7425985699627899538,1174299,Pero,CONJ,3012608552889114327,1213330
3976,work,NOUN,10038440415813069799,1174299,energía,NOUN,336706291597624830,1213330
3977,I,PRON,4690420944186131903,1174299,nada,PRON,6229618345694008059,1213330
3978,'ve,AUX,2989924464908128948,1174299,le,PRON,13361843836202591494,1213330
3979,been,AUX,12517269084653561647,1174299,podía,AUX,6322549281127416637,1215330
3980,doing,VERB,10515043043501955111,1174299,sucedía,VERB,17630398033015039989,1215330
3981,now,ADV,17157488710739566268,1174299,no,ADV,13055779130471031426,1215330
3982,",",PUNCT,2593208677638477497,1174299,;,PUNCT,631425121691394544,1215330
3983,as,SCONJ,7437575085468336610,1176042,que,SCONJ,11474801393294414462,1217330
3984,a,DET,11901859001352538922,1176042,ningún,DET,2454387163103737880,1215330
3985,company,NOUN,6905553075311563409,1176042,trabajo,NOUN,1376217758131583815,1215330
3986,called,VERB,3125235652374451650,1176042,hacer,VERB,17672920047749692400,1215330
3987,BioSentient,PROPN,9766948585538999416,1176042,hasta,ADP,16854082586272343925,1217330
3988,Corporation,PROPN,2405934880626259428,1176042,estado,PROPN,16787858920008161436,1217330
3989,.,PUNCT,12646065887601541794,1176042,dejaban,VERB,14870902441976052812,1217330
3990,I,PRON,4690420944186131903,1178128,la,PRON,6804705863737483857,1217330
3991,figured,VERB,15978771178899614458,1178128,caer,VERB,17923836435318903340,1217330
3992,I,PRON,4690420944186131903,1178128,y,CONJ,9409450202036847209,1217330
3993,'d,VERB,11195369525898364697,1178128,cambiaba,VERB,13743492028944384204,1217330
3994,have,AUX,14692702688101715474,1178128,de,ADP,11144093025662894627,1217330
3995,to,PART,3791531372978436496,1178128,gusta,VERB,9342077789922592292,1219330
3996,do,AUX,2158845516055552166,1178128,pensar,AUX,2464981911360723565,1219330
3997,that,DET,4380130941430378203,1178128,las,DET,6526950402091386798,1219330
3998,ad,NOUN,2684585717478260826,1178128,ideas,NOUN,3601960780694130587,1219330
3999,",",PUNCT,2593208677638477497,1178128,.,PUNCT,12646065887601541794,1217330
4000,because,SCONJ,16950148841647037698,1178128,que,SCONJ,11474801393294414462,1219330
4001,I,PRON,4690420944186131903,1178128,Me,PRON,17688641098104964042,1219330
4002,'m,AUX,8504683628951808721,1178128,son,AUX,2555790282192608669,1219330
4003,an,DET,15099054000809333061,1178128,potencial,ADJ,13184386541584286676,1219330
4004,entrepreneur,NOUN,3157283471810317617,1178128,energía,NOUN,336706291597624830,1219330
4005,",",PUNCT,2593208677638477497,1178128,.,PUNCT,12646065887601541794,1219330
4006,and,CCONJ,2283656566040971221,1181075,Son,AUX,18366556824654818082,1222330
4007,"""",PUNCT,15884554869126768810,1181075,realmente,ADV,13453105967711789301,1222330
4008,entrepreneur,NOUN,3157283471810317617,1181075,maravillosas,ADJ,13118593026112681931,1222330
4009,"""",PUNCT,15884554869126768810,1181075,pero,CONJ,4949779210556390094,1222330
4010,says,VERB,4123438333428864925,1181075,ocurrirá,VERB,336570284894911334,1224330
4011,"""",PUNCT,15884554869126768810,1181075,hasta,ADP,16854082586272343925,1224330
4012,somebody,PRON,10432936886633602915,1181075,nada,PRON,6229618345694008059,1222330
4013,who,PRON,3876862883474502309,1181075,nos,PRON,6968452539944589995,1224330
4014,does,AUX,1818273248662495384,1181075,que,SCONJ,11474801393294414462,1224330
4015,what,PRON,5865838185239622912,1181075,llevarlas,NOUN,2764951731904651211,1227330
4016,they,PRON,16875582379069451158,1181075,a,ADP,11901859001352538922,1227330
4017,want,VERB,7597692042947428029,1181075,arriesguemos,VERB,10367353268842471420,1224330
4018,to,PART,3791531372978436496,1181075,a,ADP,11901859001352538922,1227330
4019,do,AUX,2158845516055552166,1181075,la,DET,6804705863737483857,1227330
4020,",",PUNCT,2593208677638477497,1181075,.,PUNCT,12646065887601541794,1227330
4021,because,SCONJ,16950148841647037698,1185250,práctica,NOUN,13928734466294079161,1227330
4022,they,PRON,16875582379069451158,1185250,Esta,DET,17550470709053160143,1229330
4023,'re,AUX,523464648099722843,1185250,está,AUX,4858725201161983290,1229330
4024,not,PART,447765159362469301,1185250,conferencia,NOUN,10321978252627246392,1229330
4025,broke,VERB,8923584966286674682,1185250,llena,ADJ,7723858974701856670,1229330
4026,enough,ADV,5083403373732563023,1185250,de,ADP,11144093025662894627,1231330
4027,that,SCONJ,4380130941430378203,1185250,ideas,NOUN,3601960780694130587,1231330
4028,they,PRON,16875582379069451158,1185250,.,PUNCT,12646065887601541794,1231330
4029,have,AUX,14692702688101715474,1185250,Vamos,AUX,5849653612638319215,1233330
4030,to,PART,3791531372978436496,1185250,compartir,VERB,6695879590777822375,1233330
4031,get,AUX,2013399242189103424,1185250,a,ADP,11901859001352538922,1233330
4032,a,DET,11901859001352538922,1185250,muchas,DET,6566048432034933925,1233330
4033,real,ADJ,7050692189315705983,1185250,maravillosas,ADJ,13118593026112681931,1231330
4034,job,NOUN,18425606103329785088,1185250,cosas,NOUN,399513973913231652,1233330
4035,.,PUNCT,12646065887601541794,1185250,con,ADP,6945313634251781056,1235330
4036,"""",PUNCT,15884554869126768810,1185250,la,DET,6804705863737483857,1235330
4037,(,PUNCT,12638816674900267446,1188451,gente,NOUN,11998830313806299131,1235330
4038,Laughter,PROPN,9911806888783028371,1188451,pero,CONJ,4949779210556390094,1235330
4039,),PUNCT,3842344029291005339,1188451,nada,PRON,6229618345694008059,1235330
4040,But,CCONJ,18004243461113809161,1189477,sucederá,VERB,3315523363290042234,1235330
4041,that,DET,4380130941430378203,1189477,hasta,ADP,16854082586272343925,1237330
4042,'s,AUX,16428057658620181782,1189477,que,SCONJ,11474801393294414462,1237330
4043,the,DET,7425985699627899538,1189477,las,DET,6526950402091386798,1237330
4044,work,NOUN,10038440415813069799,1189477,ideas,NOUN,3601960780694130587,1237330
4045,I,PRON,4690420944186131903,1189477,nos,PRON,6968452539944589995,1237330
4046,'m,AUX,8504683628951808721,1189477,arriesguemos,AUX,10367353268842471420,1237330
4047,doing,VERB,10515043043501955111,1189477,llevar,VERB,9582341052320815680,1237330
4048,",",PUNCT,2593208677638477497,1189477,a,ADP,11901859001352538922,1237330
4049,BioSentient,PROPN,9766948585538999416,1189477,a,ADP,11901859001352538922,1237330
4050,Corporation,PROPN,2405934880626259428,1189477,la,DET,6804705863737483857,1237330
4051,",",PUNCT,2593208677638477497,1189477,.,PUNCT,12646065887601541794,1237330
4052,trying,VERB,5386905846056786656,1192091,acción,NOUN,6019026367417740199,1237330
4053,to,PART,3791531372978436496,1192091,que,SCONJ,11474801393294414462,1240330
4054,figure,VERB,13707025353810924047,1192091,revitalizar,VERB,7649048525642626624,1240330
4055,out,ADP,1696981056005371314,1192091,de,ADP,11144093025662894627,1242330
4056,:,PUNCT,11532473245541075862,1192091,las,DET,6526950402091386798,1240330
4057,How,ADV,16762307017182994292,1192091,hoy,ADV,13035178216107647832,1242330
4058,do,AUX,2158845516055552166,1192091,Hay,AUX,5266732711504564964,1240330
4059,we,PRON,16064069575701507746,1192091,y,CONJ,9409450202036847209,1240330
4060,integrate,VERB,14935986945223263592,1192091,artes,NOUN,15604860080890534770,1240330
4061,these,DET,6459564349623679250,1192091,las,DET,6526950402091386798,1240330
4062,things,NOUN,3586418546468265269,1192091,ciencias,NOUN,3502711777541729010,1240330
4063,?,PUNCT,8205403955989537350,1192091,;,PUNCT,631425121691394544,1242330
4064,Let,VERB,16084663469996431762,1194711,hay,AUX,7335652051276811590,1242330
4065,me,PRON,18197037023634208128,1194711,que,SCONJ,11474801393294414462,1242330
4066,finish,VERB,15571920043411331145,1194711,responsabilizarse,VERB,15225826461243099417,1242330
4067,by,ADP,16764210730586636600,1194711,del,ADP,14178434899903659559,1244330
4068,saying,VERB,12123752991424432577,1194711,futuro,NOUN,817804706655085151,1244330
4069,that,SCONJ,4380130941430378203,1194711,.,PUNCT,12646065887601541794,1244330
4070,my,DET,227504873216781231,1194711,podemos,AUX,8521574907144439556,1244330
4071,personal,ADJ,861244163374911113,1194711,solo,ADJ,3505255310390259426,1246330
4072,design,NOUN,4105053907530138126,1194711,escondernos,NOUN,4423470770365551254,1244330
4073,issue,NOUN,4747730822158419200,1194711,y,CONJ,9409450202036847209,1244330
4074,for,ADP,16037325823156266367,1194711,para,ADP,17491956544424926374,1246330
4075,the,DET,7425985699627899538,1194711,el,DET,11488171005156075516,1246330
4076,future,NOUN,17783898315335276456,1194711,beneficio,NOUN,4635800809285832171,1246330
4077,is,AUX,3411606890003347522,1199412,es,AUX,10343076919720641053,1246330
4078,really,ADV,14653600329166397554,1199412,No,ADV,9692231336188541085,1244330
4079,about,ADP,942632335873952620,1199412,de,ADP,11144093025662894627,1246330
4080,integrating,VERB,13569303794588897784,1199412,decir,VERB,8511968184309850901,1244330
4081,;,PUNCT,631425121691394544,1199412,",",PUNCT,2593208677638477497,1246330
4082,to,PART,3791531372978436496,1201398,compañía,NOUN,3483509477089566242,1246330
4083,think,VERB,16875814820671380748,1201398,es,AUX,10343076919720641053,1249330
4084,about,ADP,942632335873952620,1201398,o,CONJ,1489474827855109852,1249330
4085,that,DET,4380130941430378203,1201398,la,DET,6804705863737483857,1246330
4086,intuitive,NOUN,1196545615316168151,1201398,negocio,NOUN,14750694666853989335,1249330
4087,and,CCONJ,2283656566040971221,1201398,simplemente,ADV,3027707838726731261,1249330
4088,that,DET,4380130941430378203,1201398,un,DET,12188161997964598936,1249330
4089,analytical,ADJ,8736917384272172897,1201398,o,CONJ,1489474827855109852,1249330
4090,.,PUNCT,12646065887601541794,1201398,",",PUNCT,2593208677638477497,1249330
4091,The,DET,5059648917813135842,1204239,un,DET,12188161997964598936,1249330
4092,arts,NOUN,10763589500099602820,1204239,artista,NOUN,1194353770427601806,1249330
4093,and,CCONJ,2283656566040971221,1204239,o,CONJ,1489474827855109852,1251330
4094,sciences,NOUN,17229130392928749018,1204239,académico,NOUN,61273183999436834,1251330
4095,are,AUX,5012629990875267006,1204239,soy,AUX,17522542327445150890,1249330
4096,not,PART,447765159362469301,1204239,un,DET,12188161997964598936,1251330
4097,separate,ADJ,579709752623435053,1204239,Es,AUX,13491050862432847103,1253330
4098,.,PUNCT,12646065887601541794,1204239,.,PUNCT,12646065887601541794,1251330
4099,High,ADJ,15681880996846209658,1207420,así,ADV,13388538489347049961,1253330
4100,school,NOUN,13293160603192985325,1207420,como,SCONJ,3817173063683202752,1253330
4101,physics,NOUN,7842900839616230896,1207420,usted,PRON,10504398233988789581,1253330
4102,lesson,NOUN,299067562920853697,1207420,lo,DET,12507729120330568444,1253330
4103,before,ADP,11320251846592927908,1207420,del,ADP,14178434899903659559,1255330
4104,you,PRON,7624161793554793053,1207420,que,PRON,11474801393294414462,1253330
4105,leave,VERB,9707179535890930240,1207420,hace,VERB,12135968124517883173,1253330
4106,:,PUNCT,11532473245541075862,1207420,.,PUNCT,12646065887601541794,1253330
4107,high,ADJ,8587113882175654237,1209884,intuitivo,ADJ,2564808258650287408,1257330
4108,school,NOUN,13293160603192985325,1209884,Hablé,PROPN,383650439463218219,1255330
4109,physics,NOUN,7842900839616230896,1209884,balance,NOUN,7652884868126856604,1255330
4110,teacher,NOUN,78820239457828971,1209884,lo,DET,12507729120330568444,1257330
4111,used,VERB,17544535479879614370,1209884,juzga,VERB,13251245834107633103,1253330
4112,to,PART,3791531372978436496,1209884,analítico,ADJ,15143590046553578773,1257330
4113,hold,VERB,3818475640248018718,1209884,y,CONJ,9409450202036847209,1257330
4114,up,ADP,2199259611705938403,1209884,entre,ADP,13518256460832573697,1255330
4115,a,DET,11901859001352538922,1209884,lo,DET,12507729120330568444,1257330
4116,ball,NOUN,4240708455204070370,1209884,Fran,PROPN,8276589431854926889,1259330
4117,.,PUNCT,12646065887601541794,1209884,.,PUNCT,12646065887601541794,1257330
4118,She,PRON,5252949303365547547,1212298,Lebowitz,PROPN,13145512981452589984,1259330
4119,would,VERB,6992604926141104606,1212298,mi,DET,8676063341920465065,1259330
4120,say,VERB,8685289367999165211,1212298,hizo,VERB,4144928593995776862,1262330
4121,",",PUNCT,2593208677638477497,1212298,",",PUNCT,2593208677638477497,1259330
4122,"""",PUNCT,15884554869126768810,1212298,",",PUNCT,2593208677638477497,1259330
4123,This,DET,12943039165150086467,1212298,las,DET,6526950402091386798,1262330
4124,ball,NOUN,4240708455204070370,1212298,favorito,ADJ,15494914009090477068,1259330
4125,has,AUX,1248239241591158246,1212298,tres,NUM,12263923104162374949,1262330
4126,potential,ADJ,15822686403977818401,1212298,cínico,ADJ,13436067398749203839,1259330
4127,energy,NOUN,13079260030086073766,1212298,preguntas,NOUN,7395204174967875157,1262330
4128,.,PUNCT,12646065887601541794,1212298,;,PUNCT,631425121691394544,1264330
4129,But,CCONJ,18004243461113809161,1215042,más,ADV,13805553149795463782,1262330
4130,nothing,PRON,13695514059466747455,1215042,importantes,ADJ,7568465285090122437,1264330
4131,will,VERB,18307573501153647118,1215042,ahora,ADV,12999935214748759028,1264330
4132,happen,VERB,193386613490856276,1215042,voy,VERB,17358577988603276780,1264330
4133,to,ADP,3791531372978436496,1215042,a,ADP,11901859001352538922,1264330
4134,it,PRON,10239237003504588839,1215042,el,DET,11488171005156075516,1266330
4135,",",PUNCT,2593208677638477497,1215042,;,PUNCT,631425121691394544,1266330
4136,it,PRON,10239237003504588839,1215042,estas,PRON,16010204526465958382,1266330
4137,ca,VERB,13913074996085095135,1215042,agregar,VERB,3907359743204869489,1266330
4138,n't,PART,2043519015752540944,1215042,:,PUNCT,11532473245541075862,1266330
4139,do,AUX,2158845516055552166,1215042,son,AUX,2555790282192608669,1266330
4140,any,DET,13148361048351484388,1215042,"""",PUNCT,15884554869126768810,1268330
4141,work,NOUN,10038440415813069799,1215042,diseño,NOUN,1689742004673472932,1266330
4142,",",PUNCT,2593208677638477497,1215042,¿,PUNCT,3095673970880011110,1268330
4143,until,ADP,2906777282977359384,1217569,Es,AUX,13491050862432847103,1268330
4144,I,PRON,4690420944186131903,1217569,atractivo,ADJ,13505770224482886015,1268330
4145,drop,VERB,505665066430977685,1217569,?,PUNCT,8205403955989537350,1268330
4146,it,PRON,10239237003504588839,1217569,"""",PUNCT,15884554869126768810,1268330
4147,and,CCONJ,2283656566040971221,1217569,Es,AUX,13491050862432847103,1270330
4148,it,PRON,10239237003504588839,1217569,intuitivo,ADJ,2564808258650287408,1270330
4149,changes,VERB,15480839544985997196,1217569,.,PUNCT,12646065887601541794,1270330
4150,states,NOUN,3554169177543738620,1217569,"""",PUNCT,15884554869126768810,1272330
4151,.,PUNCT,12646065887601541794,1217569,¿,PUNCT,3095673970880011110,1272330
4152,"""",PUNCT,15884554869126768810,1217569,?,PUNCT,8205403955989537350,1272330
4153,I,PRON,4690420944186131903,1220411,divertido,ADJ,14537867074222880082,1272330
4154,like,VERB,18194338103975822726,1220411,Es,AUX,13491050862432847103,1272330
4155,to,PART,3791531372978436496,1220411,"""",PUNCT,15884554869126768810,1272330
4156,think,VERB,16875814820671380748,1220411,conoce,VERB,14300296663592840088,1275330
4157,of,ADP,886050111519832510,1220411,"""",PUNCT,15884554869126768810,1275330
4158,ideas,NOUN,3601960780694130587,1220411,.,PUNCT,12646065887601541794,1272330
4159,as,SCONJ,7437575085468336610,1220411,Y,CONJ,16961793518281001049,1275330
4160,potential,ADJ,15822686403977818401,1220411,analítico,ADJ,15143590046553578773,1272330
4161,energy,NOUN,13079260030086073766,1220411,lugar,NOUN,10339038341064447979,1275330
4162,.,PUNCT,12646065887601541794,1220411,¿,PUNCT,3095673970880011110,1275330
4163,They,PRON,14947529218328092544,1223092,su,DET,14248009254309298022,1275330
4164,'re,AUX,523464648099722843,1223092,Es,AUX,13491050862432847103,1272330
4165,really,ADV,14653600329166397554,1223092,?,PUNCT,8205403955989537350,1275330
4166,wonderful,ADJ,17835575765003257990,1223092,El,DET,2536664749893722438,1277330
4167,",",PUNCT,2593208677638477497,1223092,"""",PUNCT,15884554869126768810,1275330
4168,but,CCONJ,14560795576765492085,1224952,equilibrio,NOUN,11535442425849270114,1277330
4169,nothing,PRON,13695514059466747455,1224952,.,PUNCT,12646065887601541794,1277330
4170,will,VERB,18307573501153647118,1224952,Muchas,DET,11439899315485682289,1277330
4171,happen,VERB,193386613490856276,1224952,0,0,0,0
4172,until,ADP,2906777282977359384,1224952,.,PUNCT,12646065887601541794,1277330
4173,we,PRON,16064069575701507746,1224952,(,PUNCT,12638816674900267446,1280330
4174,risk,VERB,14326900376835226264,1224952,Aplausos,PROPN,5625793903345412492,1280330
4175,putting,VERB,13773323934001429611,1224952,0,0,0,0
4176,them,PRON,7976265300568155021,1224952,0,0,0,0
4177,into,ADP,3278561384161438710,1224952,0,0,0,0
4178,action,NOUN,15659840250438241175,1224952,gracias,NOUN,801102441491386663,1277330
4179,.,PUNCT,12646065887601541794,1224952,),PUNCT,3842344029291005339,1280330
4180,This,DET,12943039165150086467,1229246,0,0,0,0
4181,conference,NOUN,8552111340620330332,1229246,0,0,0,0
4182,is,AUX,3411606890003347522,1229246,0,0,0,0
4183,filled,VERB,2172821317437993616,1229246,0,0,0,0
4184,with,ADP,12510949447758279278,1229246,0,0,0,0
4185,wonderful,ADJ,17835575765003257990,1229246,0,0,0,0
4186,ideas,NOUN,3601960780694130587,1229246,0,0,0,0
4187,.,PUNCT,12646065887601541794,1229246,0,0,0,0
4188,We,PRON,15667417291854480293,1233452,0,0,0,0
4189,'re,AUX,523464648099722843,1233452,0,0,0,0
4190,going,VERB,14242014708739787450,1233452,0,0,0,0
4191,to,PART,3791531372978436496,1233452,0,0,0,0
4192,share,VERB,8233640825368986631,1233452,0,0,0,0
4193,lots,NOUN,17842523177576739921,1233452,0,0,0,0
4194,of,ADP,886050111519832510,1233452,0,0,0,0
4195,things,NOUN,3586418546468265269,1233452,0,0,0,0
4196,with,ADP,12510949447758279278,1233452,0,0,0,0
4197,people,NOUN,7593739049417968140,1233452,0,0,0,0
4198,.,PUNCT,12646065887601541794,1233452,0,0,0,0
4199,But,CCONJ,18004243461113809161,1235983,0,0,0,0
4200,nothing,PRON,13695514059466747455,1235983,0,0,0,0
4201,'s,AUX,16428057658620181782,1235983,0,0,0,0
4202,going,VERB,14242014708739787450,1235983,0,0,0,0
4203,to,PART,3791531372978436496,1235983,0,0,0,0
4204,happen,VERB,193386613490856276,1235983,0,0,0,0
4205,until,ADP,2906777282977359384,1237720,0,0,0,0
4206,we,PRON,16064069575701507746,1237720,0,0,0,0
4207,risk,VERB,14326900376835226264,1237720,0,0,0,0
4208,putting,VERB,13773323934001429611,1237720,0,0,0,0
4209,those,DET,5224941539530611462,1237720,0,0,0,0
4210,ideas,NOUN,3601960780694130587,1237720,0,0,0,0
4211,into,ADP,3278561384161438710,1237720,0,0,0,0
4212,action,NOUN,15659840250438241175,1237720,0,0,0,0
4213,.,PUNCT,12646065887601541794,1237720,0,0,0,0
4214,We,PRON,15667417291854480293,1240862,0,0,0,0
4215,need,VERB,478886015463313967,1240862,0,0,0,0
4216,to,PART,3791531372978436496,1240862,0,0,0,0
4217,revitalize,VERB,13464805133404441615,1240862,0,0,0,0
4218,the,DET,7425985699627899538,1240862,0,0,0,0
4219,arts,NOUN,10763589500099602820,1240862,0,0,0,0
4220,and,CCONJ,2283656566040971221,1240862,0,0,0,0
4221,sciences,NOUN,17229130392928749018,1240862,0,0,0,0
4222,today,NOUN,11042482332948150395,1240862,0,0,0,0
4223,.,PUNCT,12646065887601541794,1240862,0,0,0,0
4224,We,PRON,15667417291854480293,1243614,0,0,0,0
4225,need,VERB,478886015463313967,1243614,0,0,0,0
4226,to,PART,3791531372978436496,1243614,0,0,0,0
4227,take,VERB,6789454535283781228,1243614,0,0,0,0
4228,responsibility,NOUN,1131817234132340819,1243614,0,0,0,0
4229,for,ADP,16037325823156266367,1243614,0,0,0,0
4230,the,DET,7425985699627899538,1243614,0,0,0,0
4231,future,NOUN,17783898315335276456,1243614,0,0,0,0
4232,.,PUNCT,12646065887601541794,1243614,0,0,0,0
4233,We,PRON,15667417291854480293,1246133,0,0,0,0
4234,ca,VERB,13913074996085095135,1246133,0,0,0,0
4235,n't,PART,2043519015752540944,1246133,0,0,0,0
4236,hide,VERB,12499326223551782790,1246133,0,0,0,0
4237,behind,ADV,9368086581607646285,1246133,0,0,0,0
4238,saying,VERB,12123752991424432577,1246133,0,0,0,0
4239,it,PRON,10239237003504588839,1246133,0,0,0,0
4240,'s,AUX,16428057658620181782,1246133,0,0,0,0
4241,just,ADV,7148522813498185515,1246133,0,0,0,0
4242,for,ADP,16037325823156266367,1246133,0,0,0,0
4243,company,NOUN,6905553075311563409,1246133,0,0,0,0
4244,profits,NOUN,14951585499534078398,1246133,0,0,0,0
4245,",",PUNCT,2593208677638477497,1246133,0,0,0,0
4246,or,CCONJ,3740602843040177340,1249781,0,0,0,0
4247,it,PRON,10239237003504588839,1249781,0,0,0,0
4248,'s,AUX,16428057658620181782,1249781,0,0,0,0
4249,just,ADV,7148522813498185515,1249781,0,0,0,0
4250,a,DET,11901859001352538922,1249781,0,0,0,0
4251,business,NOUN,8928139183970412233,1249781,0,0,0,0
4252,",",PUNCT,2593208677638477497,1249781,0,0,0,0
4253,or,CCONJ,3740602843040177340,1251032,0,0,0,0
4254,I,PRON,4690420944186131903,1251032,0,0,0,0
4255,'m,AUX,8504683628951808721,1251032,0,0,0,0
4256,an,DET,15099054000809333061,1251032,0,0,0,0
4257,artist,NOUN,13980726799400849663,1251032,0,0,0,0
4258,or,CCONJ,3740602843040177340,1251032,0,0,0,0
4259,an,DET,15099054000809333061,1251032,0,0,0,0
4260,academician,NOUN,12240672433696812893,1251032,0,0,0,0
4261,.,PUNCT,12646065887601541794,1251032,0,0,0,0
4262,Here,ADV,13973858553651532596,1254039,0,0,0,0
4263,'s,AUX,16428057658620181782,1254039,0,0,0,0
4264,how,ADV,16331095434822636218,1254039,0,0,0,0
4265,you,PRON,7624161793554793053,1254039,0,0,0,0
4266,judge,VERB,13878232464834663324,1254039,0,0,0,0
4267,what,PRON,5865838185239622912,1254039,0,0,0,0
4268,you,PRON,7624161793554793053,1254039,0,0,0,0
4269,'re,AUX,523464648099722843,1254039,0,0,0,0
4270,doing,VERB,10515043043501955111,1254039,0,0,0,0
4271,:,PUNCT,11532473245541075862,1254039,0,0,0,0
4272,I,PRON,4690420944186131903,1256095,0,0,0,0
4273,talked,VERB,10338552042821670133,1256095,0,0,0,0
4274,about,ADP,942632335873952620,1256095,0,0,0,0
4275,that,DET,4380130941430378203,1256095,0,0,0,0
4276,balance,NOUN,7652884868126856604,1256095,0,0,0,0
4277,between,ADP,7508752285157982505,1256095,0,0,0,0
4278,intuitive,ADJ,1196545615316168151,1256095,0,0,0,0
4279,",",PUNCT,2593208677638477497,1256095,0,0,0,0
4280,analytical,ADJ,8736917384272172897,1256095,0,0,0,0
4281,.,PUNCT,12646065887601541794,1256095,0,0,0,0
4282,Fran,PROPN,8276589431854926889,1260600,0,0,0,0
4283,Lebowitz,PROPN,13145512981452589984,1260600,0,0,0,0
4284,",",PUNCT,2593208677638477497,1260600,0,0,0,0
4285,my,DET,227504873216781231,1260600,0,0,0,0
4286,favorite,ADJ,4906751406723967475,1260600,0,0,0,0
4287,cynic,NOUN,14078618470999779890,1260600,0,0,0,0
4288,",",PUNCT,2593208677638477497,1260600,0,0,0,0
4289,said,VERB,17573686707662795042,1263412,0,0,0,0
4290,",",PUNCT,2593208677638477497,1263412,0,0,0,0
4291,"""",PUNCT,15884554869126768810,1263412,0,0,0,0
4292,The,DET,5059648917813135842,1263412,0,0,0,0
4293,three,NUM,8241648526530492509,1263412,0,0,0,0
4294,questions,NOUN,3626233646565002230,1263412,0,0,0,0
4295,of,ADP,886050111519832510,1263412,0,0,0,0
4296,greatest,ADJ,2478119202729520523,1263412,0,0,0,0
4297,concern,NOUN,16371372851814722007,1263412,0,0,0,0
4298,...,PUNCT,10875615029400813363,1263412,0,0,0,0
4299,"""",PUNCT,15884554869126768810,1263412,0,0,0,0
4300,--,PUNCT,10501404726543969396,1263412,0,0,0,0
4301,now,ADV,17157488710739566268,1266019,0,0,0,0
4302,I,PRON,4690420944186131903,1266019,0,0,0,0
4303,'m,AUX,8504683628951808721,1266019,0,0,0,0
4304,going,VERB,14242014708739787450,1266019,0,0,0,0
4305,to,PART,3791531372978436496,1266019,0,0,0,0
4306,add,VERB,6074429435784885113,1266019,0,0,0,0
4307,on,ADP,5640369432778651323,1266019,0,0,0,0
4308,to,PART,3791531372978436496,1266019,0,0,0,0
4309,design,VERB,4105053907530138126,1266019,0,0,0,0
4310,--,PUNCT,10501404726543969396,1266019,0,0,0,0
4311,"""",PUNCT,15884554869126768810,1267910,0,0,0,0
4312,...,PUNCT,10875615029400813363,1267910,0,0,0,0
4313,are,AUX,5012629990875267006,1267910,0,0,0,0
4314,:,PUNCT,11532473245541075862,1267910,0,0,0,0
4315,Is,AUX,12346995674149584082,1267910,0,0,0,0
4316,it,PRON,10239237003504588839,1267910,0,0,0,0
4317,attractive,ADJ,2888516395942049495,1267910,0,0,0,0
4318,?,PUNCT,8205403955989537350,1267910,0,0,0,0
4319,"""",PUNCT,15884554869126768810,1267910,0,0,0,0
4320,That,DET,4759254855483594167,1271299,0,0,0,0
4321,'s,AUX,16428057658620181782,1271299,0,0,0,0
4322,the,DET,7425985699627899538,1271299,0,0,0,0
4323,intuitive,NOUN,1196545615316168151,1271299,0,0,0,0
4324,.,PUNCT,12646065887601541794,1271299,0,0,0,0
4325,"""",PUNCT,15884554869126768810,1273017,0,0,0,0
4326,Is,AUX,12346995674149584082,1273017,0,0,0,0
4327,it,PRON,10239237003504588839,1273017,0,0,0,0
4328,amusing,ADJ,7355985469774129800,1273017,0,0,0,0
4329,?,PUNCT,8205403955989537350,1273017,0,0,0,0
4330,"""",PUNCT,15884554869126768810,1273017,0,0,0,0
4331,--,PUNCT,10501404726543969396,1273017,0,0,0,0
4332,the,DET,7425985699627899538,1273017,0,0,0,0
4333,analytical,ADJ,8736917384272172897,1273017,0,0,0,0
4334,",",PUNCT,2593208677638477497,1273017,0,0,0,0
4335,and,CCONJ,2283656566040971221,1275632,0,0,0,0
4336,",",PUNCT,2593208677638477497,1275632,0,0,0,0
4337,"""",PUNCT,15884554869126768810,1275632,0,0,0,0
4338,Does,AUX,10392635994145763753,1275632,0,0,0,0
4339,it,PRON,10239237003504588839,1275632,0,0,0,0
4340,know,VERB,7743033266031195906,1275632,0,0,0,0
4341,its,DET,12513610393978129441,1275632,0,0,0,0
4342,place,NOUN,7512738811199700769,1275632,0,0,0,0
4343,?,PUNCT,8205403955989537350,1275632,0,0,0,0
4344,"""",PUNCT,15884554869126768810,1275632,0,0,0,0
4345,--,PUNCT,10501404726543969396,1275632,0,0,0,0
4346,the,DET,7425985699627899538,1275632,0,0,0,0
4347,balance,NOUN,7652884868126856604,1275632,0,0,0,0
4348,.,PUNCT,12646065887601541794,1275632,0,0,0,0
4349,Thank,VERB,11061341230758823191,1278341,0,0,0,0
4350,you,PRON,7624161793554793053,1278341,0,0,0,0
4351,very,ADV,9548244504980166557,1278341,0,0,0,0
4352,much,ADV,1935074700818135162,1278341,0,0,0,0
4353,.,PUNCT,12646065887601541794,1278341,0,0,0,0
4354,(,PUNCT,12638816674900267446,1279537,0,0,0,0
4355,Applause,NOUN,8922310725892301193,1279537,0,0,0,0
4356,),PUNCT,3842344029291005339,1279537,0,0,0,0
