,0,1,2,3,4,5,6,7
0,Reset,VERB,3190564550976580408,32000,Reinicia,VERB,2892438675277494947,32000
1,the,DET,7425985699627899538,32000,los,DET,7307884290799599686,32000
2,three,NUM,8241648526530492509,32000,3,NUM,602994839685422785,32000
3,minutes,NOUN,15970778350426902295,32000,minutos,NOUN,3428326087601973303,32000
4,",",PUNCT,2593208677638477497,32000,",",PUNCT,2593208677638477497,32000
5,that,DET,4380130941430378203,32000,0,0,0,0
6,'s,AUX,16428057658620181782,32000,es,AUX,10343076919720641053,32000
7,just,ADV,7148522813498185515,32000,no,ADV,13055779130471031426,32000
8,not,PART,447765159362469301,32000,0,0,0,0
9,fair,ADJ,11191803910721307139,32000,justo,ADJ,4783493462113517186,32000
10,.,PUNCT,12646065887601541794,32000,.,PUNCT,12646065887601541794,32000
11,AH,INTJ,1662227762967398805,34000,Allison,PROPN,12634550163720010191,34000
12,:,PUNCT,11532473245541075862,34000,:,PUNCT,11532473245541075862,34000
13,Oh,INTJ,4063327158281494861,34000,Hunt,NOUN,5740623779262252103,34000
14,my,DET,227504873216781231,34000,qué,DET,2438889091638947136,34000
15,God,PROPN,11676624564649181180,34000,Dios,PROPN,14481816643764074049,34000
16,",",PUNCT,2593208677638477497,34000,",",PUNCT,2593208677638477497,34000
17,it,PRON,10239237003504588839,34000,Ay,PROPN,17902246221342989109,34000
18,'s,AUX,16428057658620181782,34000,son,AUX,2555790282192608669,34000
19,harsh,ADJ,10964102693250980314,34000,estrictos,NOUN,9356886108706517485,34000
20,up,ADV,2199259611705938403,34000,aquí,ADV,11304695278136339124,34000
21,here,ADV,411390626470654571,34000,0,0,0,0
22,.,PUNCT,12646065887601541794,34000,.,PUNCT,12646065887601541794,34000
23,I,PRON,4690420944186131903,36000,¡,PUNCT,2520741703198981157,36000
24,mean,VERB,15580274710609099813,36000,0,0,0,0
25,I,PRON,4690420944186131903,36000,de,ADP,11144093025662894627,36000
26,'m,AUX,8504683628951808721,36000,estoy,AUX,14706404543211496139,36000
27,nervous,ADJ,11216294436333666104,36000,nerviosa,ADJ,15114238960981847083,36000
28,enough,ADV,5083403373732563023,36000,Ya,ADV,7497900188702657289,36000
29,as,SCONJ,7437575085468336610,36000,por,ADP,18244196334509357400,36000
30,it,PRON,10239237003504588839,36000,sí,PRON,12296321025590094647,36000
31,is,AUX,3411606890003347522,36000,0,0,0,0
32,.,PUNCT,12646065887601541794,36000,!,PUNCT,17494803046312582752,36000
33,But,CCONJ,18004243461113809161,39000,Pero,CONJ,3012608552889114327,39000
34,I,PRON,4690420944186131903,39000,no,ADV,13055779130471031426,39000
35,am,AUX,959164148857638496,39000,estoy,AUX,14706404543211496139,39000
36,not,PART,447765159362469301,39000,0,0,0,0
37,as,ADV,7437575085468336610,39000,tan,ADV,5127631211755802587,39000
38,nervous,ADJ,11216294436333666104,39000,nerviosa,ADJ,15114238960981847083,39000
39,as,SCONJ,7437575085468336610,39000,como,SCONJ,3817173063683202752,39000
40,I,PRON,4690420944186131903,39000,hasta,ADP,16854082586272343925,39000
41,was,AUX,9921686513378912864,39000,hace,AUX,12135968124517883173,39000
42,five,NUM,12866751920382582095,39000,5,NUM,2090661578966068036,39000
43,weeks,NOUN,18111218406637101775,39000,semanas,NOUN,2992829669063639893,39000
44,ago,ADV,18432988265768819336,39000,0,0,0,0
45,.,PUNCT,12646065887601541794,39000,.,PUNCT,12646065887601541794,39000
46,had,AUX,12960022596163002503,43000,Hace,AUX,9370438509007318900,43000
47,Five,NUM,18154254948397012547,43000,5,NUM,2090661578966068036,43000
48,weeks,NOUN,18111218406637101775,43000,semanas,NOUN,2992829669063639893,43000
49,I,PRON,4690420944186131903,43000,tuve,VERB,10890668875186725555,43000
50,ago,ADV,18432988265768819336,43000,una,DET,1019041181156623609,43000
51,hip,NOUN,970602880036206291,43000,cirugía,NOUN,5441884961661798602,43000
52,0,0,0,0,de,ADP,11144093025662894627,43000
53,replacement,NOUN,5569542730588375258,43000,reemplazo,NOUN,14874061973317640338,43000
54,total,ADJ,12505506919507411536,43000,total,ADJ,12505506919507411536,43000
55,0,0,0,0,de,ADP,11144093025662894627,43000
56,surgery,NOUN,2225283248756634950,43000,cadera,NOUN,7874775737688442637,43000
57,.,PUNCT,12646065887601541794,43000,.,PUNCT,12646065887601541794,43000
58,Do,AUX,10951603910464382420,46000,¿,PUNCT,3095673970880011110,46000
59,know,VERB,7743033266031195906,46000,Saben,VERB,16914411474018175786,46000
60,you,PRON,7624161793554793053,46000,algo,PRON,16528986040643271495,46000
61,0,0,0,0,acerca,ADV,4355306406960221317,46000
62,0,0,0,0,de,ADP,11144093025662894627,46000
63,that,DET,4380130941430378203,46000,esta,DET,5821559423218928566,46000
64,surgery,NOUN,2225283248756634950,46000,operación,NOUN,16335585298957188892,46000
65,?,PUNCT,8205403955989537350,46000,?,PUNCT,8205403955989537350,46000
66,Electric,ADJ,3078823453069211379,48000,eléctrica,ADJ,3535578842596352820,48000
67,saw,NOUN,15201910715624124754,48000,Sierra,PROPN,6359749774298144307,48000
68,",",PUNCT,2593208677638477497,48000,",",PUNCT,2593208677638477497,48000
69,power,NOUN,10405720708504167118,48000,taladro,PROPN,3878603313821806092,48000
70,drill,NOUN,6615174021492693907,48000,",",PUNCT,2593208677638477497,48000
71,",",PUNCT,2593208677638477497,48000,.,PUNCT,12646065887601541794,48000
72,totally,ADV,10296867296097920075,48000,muy,ADV,16868253375141016776,48000
73,disgusting,ADJ,10278292233273896910,48000,desagradable,ADJ,3781891458063917787,48000
74,0,0,0,0,Salvo,ADP,15037449220829848739,51000
75,unless,SCONJ,723348205359344281,51000,que,SCONJ,11474801393294414462,51000
76,you,PRON,7624161793554793053,51000,uno,PRON,8171375619591740969,51000
77,'re,AUX,523464648099722843,51000,sea,AUX,3315219263181363146,51000
78,Bolinsky,PROPN,8549867226507856505,51000,David,PROPN,14316808690041043200,51000
79,David,PROPN,14316808690041043200,51000,Bolinsky,PROPN,8549867226507856505,51000
80,",",PUNCT,2593208677638477497,51000,",",PUNCT,2593208677638477497,51000
81,in,ADP,3002984154512732771,51000,en,ADP,14626626061804382878,51000
82,which,DET,7063653163634019529,51000,cuyo,PRON,10430556938538031165,51000
83,case,NOUN,8110129090154140942,51000,caso,NOUN,9069133829606729899,51000
84,it,PRON,10239237003504588839,51000,todo,PRON,1039296168925561739,51000
85,'s,AUX,16428057658620181782,51000,es,AUX,10343076919720641053,51000
86,all,DET,13409319323822384369,51000,un,DET,12188161997964598936,51000
87,truth,NOUN,14519929624156166016,51000,camino,NOUN,2472374425192424063,51000
88,and,CCONJ,2283656566040971221,51000,de,ADP,11144093025662894627,51000
89,beauty,NOUN,14900920105117121813,51000,rosas,NOUN,9412511419923994045,51000
90,.,PUNCT,12646065887601541794,51000,.,PUNCT,12646065887601541794,51000
91,Sure,INTJ,10768867468952988340,55000,Si,SCONJ,17232677785023700288,55000
92,",",PUNCT,2593208677638477497,55000,",",PUNCT,2593208677638477497,55000
93,David,PROPN,14316808690041043200,55000,David,PROPN,14316808690041043200,55000
94,0,0,0,0,",",PUNCT,2593208677638477497,55000
95,if,SCONJ,12446819118446800910,55000,cuando,SCONJ,10847943810515898149,55000
96,'s,AUX,16428057658620181782,55000,no,ADV,13055779130471031426,55000
97,it,PRON,10239237003504588839,55000,se,PRON,9839690450034771972,55000
98,not,PART,447765159362469301,55000,trata,VERB,10057761612695374184,55000
99,hip,NOUN,970602880036206291,55000,de,ADP,11144093025662894627,55000
100,your,DET,1572612192562026184,55000,tu,DET,17788273122503907059,55000
101,0,0,0,0,propia,DET,10119551108770838509,55000
102,truth,NOUN,14519929624156166016,55000,cadera,NOUN,7874775737688442637,55000
103,",",PUNCT,2593208677638477497,55000,",",PUNCT,2593208677638477497,55000
104,it,PRON,10239237003504588839,55000,todo,PRON,1039296168925561739,55000
105,'s,AUX,16428057658620181782,55000,es,AUX,10343076919720641053,55000
106,and,CCONJ,2283656566040971221,55000,un,DET,12188161997964598936,55000
107,beauty,NOUN,14900920105117121813,55000,camino,NOUN,2472374425192424063,55000
108,0,0,0,0,de,ADP,11144093025662894627,55000
109,0,0,0,0,rosas,NOUN,9412511419923994045,55000
110,.,PUNCT,12646065887601541794,55000,.,PUNCT,12646065887601541794,55000
111,Anyway,INTJ,15308055306169767167,59000,Pues,NOUN,15940722353429701648,59000
112,",",PUNCT,2593208677638477497,59000,",",PUNCT,2593208677638477497,59000
113,I,PRON,4690420944186131903,59000,yo,PRON,8387856443177761115,59000
114,did,AUX,13583488448875926965,59000,0,0,0,0
115,have,AUX,14692702688101715474,59000,tuve,VERB,10890668875186725555,59000
116,a,DET,11901859001352538922,59000,una,DET,1019041181156623609,59000
117,really,ADV,14653600329166397554,59000,bien,ADV,8265441118321635764,59000
118,big,ADJ,15511632813958231649,59000,gran,ADJ,5334715143329897801,59000
119,epiphany,NOUN,16491878827758971586,59000,revelación,NOUN,2304240401328140874,59000
120,around,ADP,3194226484742107227,59000,con,ADP,6945313634251781056,59000
121,the,DET,7425985699627899538,59000,este,DET,15654890294676217493,59000
122,situation,NOUN,13467163215399432703,59000,asunto,NOUN,16698029997884555855,59000
123,",",PUNCT,2593208677638477497,59000,",",PUNCT,2593208677638477497,59000
124,so,ADV,9781598966686434415,61000,y,CONJ,9409450202036847209,61000
125,Chris,PROPN,9844691959392486895,61000,Chris,PROPN,9844691959392486895,61000
126,invited,VERB,12872682717395885710,61000,invitó,VERB,1748364483880759751,61000
127,me,PRON,18197037023634208128,61000,me,PRON,18197037023634208128,61000
128,to,PART,3791531372978436496,61000,aquí,ADV,11304695278136339124,61000
129,tell,VERB,63172552626595070,61000,0,0,0,0
130,you,PRON,7624161793554793053,61000,contárselas,NOUN,16667204065254964081,61000
131,about,ADP,942632335873952620,61000,a,ADP,11901859001352538922,61000
132,it,PRON,10239237003504588839,61000,0,0,0,0
133,.,PUNCT,12646065887601541794,61000,.,PUNCT,12646065887601541794,61000
134,But,CCONJ,18004243461113809161,63000,Pero,CONJ,3012608552889114327,63000
135,first,ADV,11860158879560853892,63000,en,ADP,14626626061804382878,63000
136,you,PRON,7624161793554793053,63000,primer,ADJ,5600787506133044346,63000
137,need,VERB,478886015463313967,63000,lugar,NOUN,10339038341064447979,63000
138,to,PART,3791531372978436496,63000,",",PUNCT,2593208677638477497,63000
139,0,0,0,0,deben,AUX,17064752974009751943,63000
140,know,VERB,7743033266031195906,63000,saber,VERB,17611604145141490645,63000
141,two,NUM,11711838292424000352,63000,dos,NUM,14014603652905717938,63000
142,things,NOUN,3586418546468265269,63000,cosas,NOUN,399513973913231652,63000
143,0,0,0,0,acerca,ADV,4355306406960221317,63000
144,about,ADP,942632335873952620,63000,de,ADP,11144093025662894627,63000
145,me,PRON,18197037023634208128,63000,mí,PRON,12975109311118457898,63000
146,.,PUNCT,12646065887601541794,63000,.,PUNCT,12646065887601541794,63000
147,Just,ADV,1627781620377393522,65000,Sólo,ADV,16503445542792901022,65000
148,two,NUM,11711838292424000352,65000,dos,NUM,14014603652905717938,65000
149,things,NOUN,3586418546468265269,65000,cosas,NOUN,399513973913231652,65000
150,.,PUNCT,12646065887601541794,65000,.,PUNCT,12646065887601541794,65000
151,Now,ADV,13923566239961886281,67000,En,ADP,11159992760278512227,67000
152,",",PUNCT,2593208677638477497,67000,contamos,VERB,11819513931951689546,67000
153,in,ADP,3002984154512732771,67000,con,ADP,6945313634251781056,67000
154,Canada,PROPN,12493166723054806753,67000,Canadá,PROPN,7518763536247671237,67000
155,",",PUNCT,2593208677638477497,67000,0,0,0,0
156,we,PRON,16064069575701507746,67000,0,0,0,0
157,have,AUX,14692702688101715474,67000,de,ADP,11144093025662894627,67000
158,that,DET,4380130941430378203,67000,un,DET,12188161997964598936,67000
159,great,ADJ,8881679497796027013,67000,gran,ADJ,5334715143329897801,67000
160,healthcare,NOUN,10069797859666488476,67000,salud,NOUN,12538927558137840526,67000
161,system,NOUN,16001232513058686804,67000,sistema,NOUN,18094805209063698905,67000
162,.,PUNCT,12646065887601541794,67000,.,PUNCT,12646065887601541794,67000
163,That,DET,4759254855483594167,72000,Esto,PRON,15115217180518400449,72000
164,means,VERB,18281114504200336646,72000,significa,VERB,1145958209919285197,72000
165,our,DET,17577015140245084783,72000,que,SCONJ,11474801393294414462,72000
166,we,PRON,16064069575701507746,72000,nos,PRON,6968452539944589995,72000
167,get,VERB,2013399242189103424,72000,dan,VERB,6114169112215630325,72000
168,hips,NOUN,11247020765946466166,72000,caderas,NOUN,10718772378808118994,72000
169,new,ADJ,4753564829687343602,72000,nuevas,ADJ,3692629646839335747,72000
170,for,ADP,16037325823156266367,72000,sin,ADP,1903330255553929531,72000
171,free,ADJ,17712913731469760764,72000,costo,NOUN,8370643146705860681,72000
172,0,0,0,0,alguno,PRON,6507119360434389789,72000
173,.,PUNCT,12646065887601541794,72000,.,PUNCT,12646065887601541794,72000
174,And,CCONJ,12172435438170721471,74000,Y,CONJ,16961793518281001049,74000
175,0,0,0,0,yo,PRON,8387856443177761115,74000
176,",",PUNCT,2593208677638477497,74000,",",PUNCT,2593208677638477497,74000
177,of,ADP,886050111519832510,74000,al,ADP,8222700718889469974,74000
178,being,AUX,3899131925553995529,74000,ser,AUX,940341820454552972,74000
179,the,DET,7425985699627899538,74000,la,DET,6804705863737483857,74000
180,0,0,0,0,más,ADV,13805553149795463782,74000
181,youngest,ADJ,12525354377851359589,74000,pequeña,ADJ,6127018088006926260,74000
182,0,0,0,0,de,ADP,11144093025662894627,74000
183,seven,NUM,9140921866125308243,74000,siete,NUM,7312729636572476683,74000
184,0,0,0,0,",",PUNCT,2593208677638477497,74000
185,I,PRON,4690420944186131903,77000,0,0,0,0
186,have,AUX,14692702688101715474,77000,estuve,AUX,17606641120099201563,77000
187,never,ADV,10879546028211794123,77000,nunca,ADV,4734915417268997138,77000
188,been,AUX,12517269084653561647,77000,primer,ADJ,5600787506133044346,77000
189,at,ADP,11667289587015813222,77000,en,ADP,14626626061804382878,77000
190,the,DET,7425985699627899538,77000,ninguna,DET,8109229106878281695,77000
191,front,NOUN,18406620953616287770,77000,lugar,NOUN,10339038341064447979,77000
192,of,ADP,886050111519832510,77000,en,ADP,14626626061804382878,77000
193,the,DET,7425985699627899538,77000,",",PUNCT,2593208677638477497,77000
194,line,NOUN,9545763306533606446,77000,fila,NOUN,14663627022191382237,77000
195,for,ADP,16037325823156266367,77000,OK,PROPN,6850223518147840977,77000
196,anything,PRON,10624292618385541108,77000,0,0,0,0
197,.,PUNCT,12646065887601541794,77000,?,PUNCT,8205403955989537350,77000
198,OK,INTJ,6850223518147840977,77000,0,0,0,0
199,?,PUNCT,8205403955989537350,77000,¿,PUNCT,3095673970880011110,77000
200,So,ADV,3893465145528745987,82000,0,0,0,0
201,my,DET,227504873216781231,82000,la,DET,6804705863737483857,82000
202,hip,NOUN,970602880036206291,82000,años,NOUN,8746864843512539013,82000
203,had,AUX,12960022596163002503,82000,Hacía,AUX,9806220699943497535,82000
204,been,AUX,12517269084653561647,82000,que,PRON,11474801393294414462,82000
205,hurting,VERB,13473697423175384833,82000,dolía,VERB,7214020232492270137,82000
206,me,PRON,18197037023634208128,82000,me,PRON,18197037023634208128,82000
207,for,ADP,16037325823156266367,82000,0,0,0,0
208,years,NOUN,9492612516460955585,82000,cadera,NOUN,7874775737688442637,82000
209,.,PUNCT,12646065887601541794,82000,.,PUNCT,12646065887601541794,82000
210,I,PRON,4690420944186131903,84000,fui,AUX,11515670327260346786,84000
211,finally,ADV,763475990769043802,84000,Finalmente,ADV,13166135223099529373,84000
212,went,VERB,6077427682057990751,84000,doctor,NOUN,18058202148154971361,84000
213,to,ADP,3791531372978436496,84000,al,ADP,8222700718889469974,84000
214,the,DET,7425985699627899538,84000,la,DET,6804705863737483857,84000
215,doctor,NOUN,18058202148154971361,84000,consulta,NOUN,16111565346372639359,84000
216,",",PUNCT,2593208677638477497,84000,;,PUNCT,631425121691394544,84000
217,which,DET,7063653163634019529,84000,sin,ADP,1903330255553929531,84000
218,was,AUX,9921686513378912864,84000,era,AUX,7478797442728669872,84000
219,free,ADJ,17712913731469760764,84000,costo,NOUN,8370643146705860681,84000
220,.,PUNCT,12646065887601541794,84000,.,PUNCT,12646065887601541794,84000
221,And,CCONJ,12172435438170721471,87000,y,CONJ,9409450202036847209,87000
222,she,PRON,6740321247510922449,87000,ella,PRON,14458929840326100817,87000
223,referred,VERB,16263138166066604058,87000,remitió,VERB,15251894100425711421,87000
224,me,PRON,18197037023634208128,87000,me,PRON,18197037023634208128,87000
225,to,ADP,3791531372978436496,87000,al,ADP,8222700718889469974,87000
226,an,DET,15099054000809333061,87000,cirujano,NOUN,7340408121372640259,87000
227,orthopedic,ADJ,2848537770101818723,87000,ortopédico,ADJ,3534628432381067083,87000
228,surgeon,NOUN,7078677415469335258,87000,costo,NOUN,8370643146705860681,87000
229,",",PUNCT,2593208677638477497,87000,",",PUNCT,2593208677638477497,87000
230,also,ADV,12084876542534825196,87000,también,ADV,18236539777431520510,87000
231,free,ADJ,17712913731469760764,87000,sin,ADP,1903330255553929531,87000
232,.,PUNCT,12646065887601541794,87000,.,PUNCT,12646065887601541794,87000
233,Finally,ADV,13508328374558732598,91000,Finalmente,ADV,13166135223099529373,91000
234,got,VERB,12579384389446384672,91000,pudo,AUX,3584546126507769294,91000
235,to,PART,3791531372978436496,91000,atenderme,ADJ,1338153122358408521,91000
236,see,VERB,11925638236994514241,91000,luego,ADV,4526122816444084130,91000
237,him,PRON,1739263527992748485,91000,0,0,0,0
238,after,ADP,13428508259213873547,91000,de,ADP,11144093025662894627,91000
239,10,NUM,6572986864102252890,91000,10,NUM,6572986864102252890,91000
240,months,NOUN,11199438407386692767,91000,meses,NOUN,9306682263510131333,91000
241,of,ADP,886050111519832510,91000,de,ADP,11144093025662894627,91000
242,waiting,VERB,6637960978588277222,91000,espera,NOUN,9583668314148794504,91000
243,--,PUNCT,10501404726543969396,91000,",",PUNCT,2593208677638477497,91000
244,almost,ADV,9970931496028849525,91000,casi,ADV,3261825392838065605,91000
245,a,DET,11901859001352538922,91000,un,DET,12188161997964598936,91000
246,year,NOUN,14889849580704678361,91000,año,NOUN,12462213889476236780,91000
247,.,PUNCT,12646065887601541794,91000,.,PUNCT,12646065887601541794,91000
248,what,PRON,5865838185239622912,95000,Estos,PRON,9416231487555861639,95000
249,is,AUX,3411606890003347522,95000,son,AUX,2555790282192608669,95000
250,That,DET,4759254855483594167,95000,los,DET,7307884290799599686,95000
251,0,0,0,0,beneficios,NOUN,14237734227300596136,95000
252,gets,VERB,15696715460206213879,95000,de,ADP,11144093025662894627,95000
253,you,PRON,7624161793554793053,95000,un,DET,12188161997964598936,95000
254,0,0,0,0,servicio,NOUN,11146707837178887828,95000
255,free,ADJ,17712913731469760764,95000,gratuito,ADJ,3837053808599306613,95000
256,.,PUNCT,12646065887601541794,95000,.,PUNCT,12646065887601541794,95000
257,I,PRON,4690420944186131903,99000,Fui,AUX,14767754552648094940,99000
258,met,VERB,14332210279624491740,99000,ver,VERB,16203534885047373824,99000
259,the,DET,7425985699627899538,99000,a,ADP,11901859001352538922,99000
260,surgeon,NOUN,7078677415469335258,99000,cirujano,NOUN,7340408121372640259,99000
261,",",PUNCT,2593208677638477497,99000,",",PUNCT,2593208677638477497,99000
262,and,CCONJ,2283656566040971221,99000,al,ADP,8222700718889469974,99000
263,he,PRON,1655312771067108281,99000,quien,PRON,4113058443372604681,99000
264,took,VERB,1524062747651706878,99000,sacó,VERB,4962082853271503289,99000
265,some,DET,7000492816108906599,99000,algunas,DET,4272547645188157321,99000
266,free,ADJ,17712913731469760764,99000,me,PRON,18197037023634208128,99000
267,X,NOUN,101,99000,radiografías,NOUN,6889450451562000278,99000
268,-,NOUN,9153284864653046197,99000,sin,ADP,1903330255553929531,99000
269,rays,NOUN,14940409131369940292,99000,costo,NOUN,8370643146705860681,99000
270,",",PUNCT,2593208677638477497,99000,.,PUNCT,12646065887601541794,99000
271,and,CCONJ,2283656566040971221,102000,bien,ADV,8265441118321635764,102000
272,I,PRON,4690420944186131903,102000,Las,PRON,9845755628983179954,102000
273,got,VERB,12579384389446384672,102000,miré,VERB,7835676729030752672,102000
274,a,DET,11901859001352538922,102000,y,CONJ,9409450202036847209,102000
275,good,ADJ,5711639017775284443,102000,",",PUNCT,2593208677638477497,102000
276,look,NOUN,16096726548953279178,102000,realidad,NOUN,17066760827497583576,102000
277,at,ADP,11667289587015813222,102000,en,ADP,14626626061804382878,102000
278,them,PRON,7976265300568155021,102000,0,0,0,0
279,.,PUNCT,12646065887601541794,102000,",",PUNCT,2593208677638477497,102000
280,And,CCONJ,12172435438170721471,102000,0,0,0,0
281,you,PRON,7624161793554793053,102000,0,0,0,0
282,know,VERB,7743033266031195906,102000,0,0,0,0
283,",",PUNCT,2593208677638477497,102000,0,0,0,0
284,even,ADV,17339226045912991082,104000,hasta,ADP,16854082586272343925,104000
285,I,PRON,4690420944186131903,104000,yo,PRON,8387856443177761115,104000
286,could,VERB,7494117911267222209,104000,me,PRON,18197037023634208128,104000
287,tell,VERB,63172552626595070,104000,daba,VERB,7844881850604030505,104000
288,hip,NOUN,970602880036206291,104000,cuenta,NOUN,3545150841059450590,104000
289,0,0,0,0,de,ADP,11144093025662894627,104000
290,0,0,0,0,que,SCONJ,11474801393294414462,104000
291,my,DET,227504873216781231,104000,mi,DET,8676063341920465065,104000
292,bad,ADJ,12342627399458421040,104000,cadera,NOUN,7874775737688442637,104000
293,was,AUX,9921686513378912864,104000,estaba,AUX,14917719296641627475,104000
294,0,0,0,0,mal,ADV,17891639207125098893,104000
295,",",PUNCT,2593208677638477497,104000,.,PUNCT,12646065887601541794,104000
296,and,CCONJ,2283656566040971221,106000,Y,CONJ,16961793518281001049,106000
297,I,PRON,4690420944186131903,106000,eso,PRON,12716495710533357957,106000
298,actually,ADV,11882120564994168090,106000,que,SCONJ,11474801393294414462,106000
299,0,0,0,0,yo,PRON,8387856443177761115,106000
300,0,0,0,0,me,PRON,18197037023634208128,106000
301,work,VERB,10038440415813069799,106000,dedico,VERB,4436072675961583934,106000
302,in,ADP,3002984154512732771,106000,al,ADP,8222700718889469974,106000
303,marketing,NOUN,5624371593702924111,106000,mercadeo,NOUN,95093297606861321,106000
304,.,PUNCT,12646065887601541794,106000,.,PUNCT,12646065887601541794,106000
305,So,ADV,3893465145528745987,108000,Entonces,ADV,1871212532239362114,108000
306,he,PRON,1655312771067108281,108000,me,PRON,18197037023634208128,108000
307,said,VERB,17573686707662795042,108000,dijo,VERB,8367545516374751326,108000
308,",",PUNCT,2593208677638477497,108000,:,PUNCT,11532473245541075862,108000
309,"""",PUNCT,15884554869126768810,108000,"""",PUNCT,15884554869126768810,108000
310,Allison,PROPN,12634550163720010191,108000,Allison,PROPN,12634550163720010191,108000
311,",",PUNCT,2593208677638477497,108000,",",PUNCT,2593208677638477497,108000
312,we,PRON,16064069575701507746,108000,0,0,0,0
313,'ve,AUX,2989924464908128948,108000,vamos,AUX,6033137825740555313,108000
314,got,VERB,12579384389446384672,108000,tener,VERB,9273468649798460046,108000
315,to,PART,3791531372978436496,108000,que,SCONJ,11474801393294414462,108000
316,get,AUX,2013399242189103424,108000,operarte,VERB,16983763076311834111,108000
317,you,PRON,7624161793554793053,108000,0,0,0,0
318,on,ADP,5640369432778651323,108000,a,ADP,11901859001352538922,108000
319,the,DET,7425985699627899538,108000,0,0,0,0
320,table,NOUN,10911622026469197494,108000,0,0,0,0
321,.,PUNCT,12646065887601541794,108000,.,PUNCT,12646065887601541794,108000
322,I,PRON,4690420944186131903,112000,Te,PRON,17234436465399657643,112000
323,'m,AUX,8504683628951808721,112000,voy,AUX,17358577988603276780,112000
324,going,VERB,14242014708739787450,112000,poner,VERB,14108068471380808211,112000
325,to,PART,3791531372978436496,112000,a,ADP,11901859001352538922,112000
326,replace,VERB,7241019691970841236,112000,nueva,ADJ,14739082919163515432,112000
327,your,DET,1572612192562026184,112000,una,DET,1019041181156623609,112000
328,hip,NOUN,970602880036206291,112000,cadera,NOUN,7874775737688442637,112000
329,--,PUNCT,10501404726543969396,112000,",",PUNCT,2593208677638477497,112000
330,it,PRON,10239237003504588839,112000,unos,PRON,692935343199726814,112000
331,'s,AUX,16428057658620181782,112000,que,SCONJ,11474801393294414462,112000
332,about,ADV,942632335873952620,112000,esperar,VERB,2612014110471538031,112000
333,an,DET,15099054000809333061,112000,tendrás,NOUN,11450218878092363751,112000
334,18-month,NUM,1040197380231494088,112000,18,NUM,3049302120552557844,112000
335,wait,NOUN,6203382976377178934,112000,meses,NOUN,9306682263510131333,112000
336,.,PUNCT,12646065887601541794,112000,.,PUNCT,12646065887601541794,112000
337,"""",PUNCT,15884554869126768810,112000,0,0,0,0
338,18,NUM,3049302120552557844,115000,18,NUM,3049302120552557844,115000
339,more,ADJ,2160362229054775535,115000,más,ADV,13805553149795463782,115000
340,months,NOUN,11199438407386692767,115000,meses,NOUN,9306682263510131333,115000
341,.,PUNCT,12646065887601541794,115000,.,PUNCT,12646065887601541794,115000
342,I,PRON,4690420944186131903,117000,0,0,0,0
343,'d,VERB,11195369525898364697,117000,había,AUX,11746775058755771264,117000
344,already,ADV,12647358837591399640,117000,Ya,ADV,7497900188702657289,117000
345,waited,VERB,938849898741779964,117000,esperado,VERB,6455732870283959025,117000
346,10,NUM,6572986864102252890,117000,10,NUM,6572986864102252890,117000
347,months,NOUN,11199438407386692767,117000,meses,NOUN,9306682263510131333,117000
348,",",PUNCT,2593208677638477497,117000,y,CONJ,9409450202036847209,117000
349,and,CCONJ,2283656566040971221,117000,0,0,0,0
350,I,PRON,4690420944186131903,117000,0,0,0,0
351,had,AUX,12960022596163002503,117000,debía,AUX,14306224685398379800,117000
352,to,PART,3791531372978436496,117000,más,ADV,13805553149795463782,117000
353,wait,VERB,6203382976377178934,117000,esperar,VERB,2612014110471538031,117000
354,18,NUM,3049302120552557844,117000,18,NUM,3049302120552557844,117000
355,more,ADJ,2160362229054775535,117000,0,0,0,0
356,months,NOUN,11199438407386692767,117000,meses,NOUN,9306682263510131333,117000
357,.,PUNCT,12646065887601541794,117000,.,PUNCT,12646065887601541794,117000
358,You,PRON,4678963469726251353,121000,0,0,0,0
359,know,VERB,7743033266031195906,121000,0,0,0,0
360,",",PUNCT,2593208677638477497,121000,0,0,0,0
361,it,PRON,10239237003504588839,121000,tan,ADV,5127631211755802587,121000
362,'s,AUX,16428057658620181782,121000,Era,AUX,16977074426817811479,121000
363,such,DET,13040105543478938413,121000,que,SCONJ,11474801393294414462,121000
364,a,DET,11901859001352538922,121000,una,DET,1019041181156623609,121000
365,long,ADJ,12965068231793614765,121000,larga,ADJ,14092887360080335150,121000
366,wait,NOUN,6203382976377178934,121000,espera,NOUN,9583668314148794504,121000
367,that,DET,4380130941430378203,121000,0,0,0,0
368,I,PRON,4690420944186131903,121000,0,0,0,0
369,actually,ADV,11882120564994168090,121000,prácticamente,ADV,14733451165899653990,121000
370,started,VERB,17976686883172633439,123000,comencé,PROPN,7102655235571874462,123000
371,to,PART,3791531372978436496,123000,a,ADP,11901859001352538922,123000
372,think,VERB,16875814820671380748,123000,calcular,VERB,2865763956131991419,123000
373,even,ADV,17339226045912991082,123000,el,DET,11488171005156075516,123000
374,it,PRON,10239237003504588839,123000,tiempo,NOUN,3897009725270815938,123000
375,about,ADP,942632335873952620,123000,en,ADP,14626626061804382878,123000
376,terms,NOUN,6225537969047103320,123000,base,NOUN,4715552063986449646,123000
377,in,ADP,3002984154512732771,123000,a,ADP,11901859001352538922,123000
378,0,0,0,0,la,DET,6804705863737483857,123000
379,TEDs,NOUN,3650890953650560257,123000,cantidad,NOUN,3611039643997995361,123000
380,of,ADP,886050111519832510,123000,de,ADP,11144093025662894627,123000
381,0,0,0,0,TEDs,PROPN,3650890953650560257,123000
382,.,PUNCT,12646065887601541794,123000,.,PUNCT,12646065887601541794,123000
383,I,PRON,4690420944186131903,125000,No,ADV,9692231336188541085,125000
384,would,VERB,6992604926141104606,125000,tendría,VERB,939774390653582065,125000
385,n't,PART,2043519015752540944,125000,0,0,0,0
386,have,AUX,14692702688101715474,125000,0,0,0,0
387,my,DET,227504873216781231,125000,mi,DET,8676063341920465065,125000
388,new,ADJ,4753564829687343602,125000,nueva,ADJ,14739082919163515432,125000
389,hip,NOUN,970602880036206291,125000,cadera,NOUN,7874775737688442637,125000
390,for,ADP,16037325823156266367,125000,para,ADP,17491956544424926374,125000
391,this,DET,1995909169258310477,125000,este,DET,15654890294676217493,125000
392,TED,PROPN,7712797595491725577,125000,TED,PROPN,7712797595491725577,125000
393,.,PUNCT,12646065887601541794,125000,",",PUNCT,2593208677638477497,125000
394,I,PRON,4690420944186131903,127000,No,ADV,9692231336188541085,127000
395,would,VERB,6992604926141104606,127000,tendría,VERB,939774390653582065,127000
396,not,PART,447765159362469301,127000,0,0,0,0
397,have,AUX,14692702688101715474,127000,0,0,0,0
398,my,DET,227504873216781231,127000,mi,DET,8676063341920465065,127000
399,new,ADJ,4753564829687343602,127000,nueva,ADJ,14739082919163515432,127000
400,hip,NOUN,970602880036206291,127000,TED2008,PROPN,4683766011771287611,127000
401,for,ADP,16037325823156266367,127000,para,ADP,17491956544424926374,127000
402,TED2008,NOUN,4683766011771287611,127000,cadera,NOUN,7874775737688442637,127000
403,.,PUNCT,12646065887601541794,127000,.,PUNCT,12646065887601541794,127000
404,I,PRON,4690420944186131903,132000,0,0,0,0
405,would,VERB,6992604926141104606,132000,soportando,VERB,9407883376725438596,132000
406,still,ADV,5937879255812462177,132000,Todavía,ADV,1465212640550155614,132000
407,be,AUX,10382539506755952630,132000,estaría,AUX,4272927393942817982,132000
408,on,ADP,5640369432778651323,132000,0,0,0,0
409,my,DET,227504873216781231,132000,mi,DET,8676063341920465065,132000
410,bad,ADJ,12342627399458421040,132000,pobre,ADJ,5525936482097222465,132000
411,hip,NOUN,970602880036206291,132000,cadera,NOUN,7874775737688442637,132000
412,.,PUNCT,12646065887601541794,132000,.,PUNCT,12646065887601541794,132000
413,That,DET,4759254855483594167,132000,0,0,0,0
414,was,AUX,9921686513378912864,132000,Era,AUX,16977074426817811479,132000
415,so,ADV,9781598966686434415,132000,muy,ADV,16868253375141016776,132000
416,disappointing,ADJ,2870248402309625429,132000,desalentador,ADJ,11728231450943288911,132000
417,.,PUNCT,12646065887601541794,132000,.,PUNCT,12646065887601541794,132000
418,So,ADV,3893465145528745987,135000,Así,ADV,13115577326766121063,135000
419,was,AUX,9921686513378912864,135000,es,AUX,10343076919720641053,135000
420,0,0,0,0,que,SCONJ,11474801393294414462,135000
421,I,PRON,4690420944186131903,135000,me,PRON,18197037023634208128,135000
422,left,VERB,4003250512168697582,135000,fui,VERB,11515670327260346786,135000
423,and,CCONJ,2283656566040971221,135000,de,ADP,11144093025662894627,135000
424,his,DET,2661093235354845946,135000,su,DET,14248009254309298022,135000
425,office,NOUN,10874922665013127783,135000,oficina,NOUN,3150833895920315306,135000
426,",",PUNCT,2593208677638477497,135000,",",PUNCT,2593208677638477497,135000
427,I,PRON,4690420944186131903,135000,y,CONJ,9409450202036847209,135000
428,0,0,0,0,mientras,SCONJ,124324163226638110,135000
429,walking,VERB,7052187565535091122,135000,caminaba,VERB,2396923883209230970,135000
430,through,ADP,18216413589307435838,135000,por,ADP,18244196334509357400,135000
431,the,DET,7425985699627899538,135000,el,DET,11488171005156075516,135000
432,hospital,NOUN,7725938145567737416,135000,hospital,NOUN,7725938145567737416,135000
433,",",PUNCT,2593208677638477497,135000,",",PUNCT,2593208677638477497,135000
434,and,CCONJ,2283656566040971221,139000,en,ADP,14626626061804382878,139000
435,that,DET,4380130941430378203,139000,ese,DET,17080020411610877296,139000
436,'s,AUX,16428057658620181782,139000,momento,NOUN,7830912342853916375,139000
437,when,ADV,15807309897752499399,139000,tuve,VERB,10890668875186725555,139000
438,I,PRON,4690420944186131903,139000,0,0,0,0
439,had,AUX,12960022596163002503,139000,0,0,0,0
440,my,DET,227504873216781231,139000,mi,DET,8676063341920465065,139000
441,epiphany,NOUN,16491878827758971586,139000,revelación,NOUN,2304240401328140874,139000
442,.,PUNCT,12646065887601541794,139000,.,PUNCT,12646065887601541794,139000
443,This,DET,12943039165150086467,142000,La,DET,6239908149323985340,142000
444,had,AUX,12960022596163002503,142000,más,ADV,13805553149795463782,142000
445,youngest,ADJ,12525354377851359589,142000,pequeña,ADJ,6127018088006926260,142000
446,of,ADP,886050111519832510,142000,de,ADP,11144093025662894627,142000
447,seven,NUM,9140921866125308243,142000,siete,NUM,7312729636572476683,142000
448,to,PART,3791531372978436496,142000,hermanos,NOUN,16404683051549110295,142000
449,get,AUX,2013399242189103424,142000,debía,AUX,14306224685398379800,142000
450,herself,PRON,2972429824418998863,142000,colocarse,ADJ,11793106025557336990,142000
451,to,ADP,3791531372978436496,142000,en,ADP,14626626061804382878,142000
452,the,DET,7425985699627899538,142000,el,DET,11488171005156075516,142000
453,0,0,0,0,primer,ADJ,5600787506133044346,142000
454,front,NOUN,18406620953616287770,142000,lugar,NOUN,10339038341064447979,142000
455,of,ADP,886050111519832510,142000,de,ADP,11144093025662894627,142000
456,the,DET,7425985699627899538,142000,la,DET,6804705863737483857,142000
457,line,NOUN,9545763306533606446,142000,fila,NOUN,14663627022191382237,142000
458,.,PUNCT,12646065887601541794,142000,.,PUNCT,12646065887601541794,142000
459,Oh,INTJ,4063327158281494861,146000,¡,PUNCT,2520741703198981157,146000
460,yeah,INTJ,11852442279192850303,146000,Si,SCONJ,17232677785023700288,146000
461,.,PUNCT,12646065887601541794,146000,!,PUNCT,17494803046312582752,146000
462,We,PRON,15667417291854480293,148000,Nosotros,PRON,11120162301777470116,148000
463,do,AUX,2158845516055552166,148000,no,ADV,13055779130471031426,148000
464,not,PART,447765159362469301,148000,así,ADV,13388538489347049961,148000
465,think,VERB,16875814820671380748,148000,pensamos,VERB,1621219203374301082,148000
466,that,DET,4380130941430378203,148000,0,0,0,0
467,way,NOUN,6878210874361030284,148000,0,0,0,0
468,.,PUNCT,12646065887601541794,148000,.,PUNCT,12646065887601541794,148000
469,We,PRON,15667417291854480293,152000,eso,PRON,12716495710533357957,152000
470,do,AUX,2158845516055552166,152000,No,ADV,9692231336188541085,152000
471,n't,PART,2043519015752540944,152000,0,0,0,0
472,talk,VERB,13939146775466599234,152000,hablamos,VERB,11780627764266500395,152000
473,about,ADP,942632335873952620,152000,de,ADP,11144093025662894627,152000
474,it,PRON,10239237003504588839,152000,ni,CONJ,13213308835019175813,152000
475,.,PUNCT,12646065887601541794,152000,",",PUNCT,2593208677638477497,152000
476,It,PRON,7859011591137717335,152000,lo,PRON,12507729120330568444,152000
477,'s,AUX,16428057658620181782,152000,consideramos,VERB,15707087982519651881,152000
478,not,PART,447765159362469301,152000,0,0,0,0
479,even,ADV,17339226045912991082,152000,0,0,0,0
480,a,DET,11901859001352538922,152000,0,0,0,0
481,consideration,NOUN,11066183879367440685,152000,0,0,0,0
482,.,PUNCT,12646065887601541794,152000,.,PUNCT,12646065887601541794,152000
483,In,ADP,17831099778462416609,155000,De,ADP,9709023768673339208,155000
484,fact,NOUN,3814049101131682695,155000,hecho,NOUN,12144731232849489260,155000
485,",",PUNCT,2593208677638477497,155000,",",PUNCT,2593208677638477497,155000
486,when,ADV,15807309897752499399,155000,cuando,SCONJ,10847943810515898149,155000
487,we,PRON,16064069575701507746,155000,extranjero,NOUN,10299238951041638691,155000
488,'re,AUX,523464648099722843,155000,al,ADP,8222700718889469974,155000
489,traveling,VERB,4386335507830398018,155000,viajamos,VERB,11118394492107975314,155000
490,abroad,ADV,10214024849403760716,155000,así,ADV,13388538489347049961,155000
491,",",PUNCT,2593208677638477497,155000,",",PUNCT,2593208677638477497,155000
492,it,PRON,10239237003504588839,155000,0,0,0,0
493,'s,AUX,16428057658620181782,155000,a,ADP,11901859001352538922,155000
494,how,ADV,16331095434822636218,155000,nuestros,DET,8277433627748971173,155000
495,we,PRON,16064069575701507746,155000,compatriotas,NOUN,6812617445691220005,155000
496,identify,VERB,11212926081332783654,155000,identificamos,VERB,15608105150692038015,155000
497,fellow,ADJ,12084121038394165606,155000,canadienses,NOUN,17755188275936236821,155000
498,Canadians,PROPN,3730683620685795157,155000,0,0,0,0
499,.,PUNCT,12646065887601541794,155000,.,PUNCT,12646065887601541794,155000
500,"""",PUNCT,15884554869126768810,159000,"""",PUNCT,15884554869126768810,159000
501,After,ADP,1232761495273117321,159000,de,ADP,11144093025662894627,159000
502,you,PRON,7624161793554793053,159000,Después,ADV,785941551408947049,159000
503,.,PUNCT,12646065887601541794,159000,Ud.,PROPN,1404373474500892445,159000
504,"""",PUNCT,15884554869126768810,159000,"""",PUNCT,15884554869126768810,159000
505,"""",PUNCT,15884554869126768810,159000,"""",PUNCT,15884554869126768810,159000
506,Oh,INTJ,4063327158281494861,159000,No,ADV,9692231336188541085,159000
507,",",PUNCT,2593208677638477497,159000,",",PUNCT,2593208677638477497,159000
508,no,INTJ,13055779130471031426,159000,no.,PROPN,10616692385845467029,159000
509,",",PUNCT,2593208677638477497,159000,Después,ADV,785941551408947049,159000
510,no,INTJ,13055779130471031426,159000,Ud.,PROPN,1404373474500892445,159000
511,.,PUNCT,12646065887601541794,159000,"""",PUNCT,15884554869126768810,159000
512,After,ADP,1232761495273117321,159000,de,ADP,11144093025662894627,159000
513,you,PRON,7624161793554793053,159000,0,0,0,0
514,.,PUNCT,12646065887601541794,159000,0,0,0,0
515,"""",PUNCT,15884554869126768810,159000,0,0,0,0
516,Hey,INTJ,7911197809012083553,161000,¿,PUNCT,3095673970880011110,161000
517,you,PRON,7624161793554793053,161000,Usted,PRON,16541874160984000628,161000
518,are,AUX,5012629990875267006,161000,es,AUX,10343076919720641053,161000
519,Canada,PROPN,12493166723054806753,161000,Canadiense,PROPN,4167056978212625605,161000
520,from,ADP,7831658034963690409,161000,?,PUNCT,8205403955989537350,161000
521,",",PUNCT,2593208677638477497,161000,"""",PUNCT,15884554869126768810,161000
522,?,PUNCT,8205403955989537350,161000,¡,PUNCT,2520741703198981157,161000
523,Oh,INTJ,4063327158281494861,161000,Ah,INTJ,17868704356024221208,161000
524,"""",PUNCT,15884554869126768810,161000,",",PUNCT,2593208677638477497,161000
525,me,PRON,18197037023634208128,161000,yo,PRON,8387856443177761115,161000
526,too,ADV,12286903790479710773,161000,también,ADV,18236539777431520510,161000
527,",",PUNCT,2593208677638477497,161000,!,PUNCT,17494803046312582752,161000
528,!,PUNCT,17494803046312582752,161000,¡,PUNCT,2520741703198981157,161000
529,!,PUNCT,17494803046312582752,161000,¿,PUNCT,3095673970880011110,161000
530,Hi,INTJ,9950836484148308869,161000,Qué,PRON,15959444434087193889,161000
531,0,0,0,0,tal,PRON,7511447687758208619,161000
532,"""",PUNCT,15884554869126768810,161000,?,PUNCT,8205403955989537350,161000
533,0,0,0,0,!,PUNCT,17494803046312582752,161000
534,"""",PUNCT,15884554869126768810,163000,"""",PUNCT,15884554869126768810,163000
535,!,PUNCT,17494803046312582752,163000,¡,PUNCT,2520741703198981157,163000
536,Great,ADJ,14637358012790906115,163000,Perfecto,INTJ,7338159746629704017,163000
537,Excellent,ADJ,15751823003189152864,163000,!,PUNCT,17494803046312582752,163000
538,!,PUNCT,17494803046312582752,163000,"""",PUNCT,15884554869126768810,163000
539,"""",PUNCT,15884554869126768810,163000,"""",PUNCT,15884554869126768810,163000
540,0,0,0,0,¡,PUNCT,2520741703198981157,163000
541,0,0,0,0,Qué,PRON,15959444434087193889,163000
542,0,0,0,0,bueno,INTJ,16255033881278904197,163000
543,0,0,0,0,!,PUNCT,17494803046312582752,163000
544,0,0,0,0,"""",PUNCT,15884554869126768810,163000
545,Some,DET,14298532990736973729,166000,Algún,DET,16062428437373740081,166000
546,0,0,0,0,anciano,NOUN,11477432586551834219,166000
547,-,PUNCT,9153284864653046197,166000,de,ADP,11144093025662894627,166000
548,70-year,NUM,6622684297712259565,166000,70,NUM,17272628333277205899,166000
549,old,ADJ,2483095116303079762,166000,años,NOUN,8746864843512539013,166000
550,who,PRON,3876862883474502309,166000,que,PRON,11474801393294414462,166000
551,wanted,VERB,3439263888874234947,166000,quería,VERB,9694205093660223910,166000
552,his,DET,2661093235354845946,166000,su,DET,14248009254309298022,166000
553,hip,NOUN,970602880036206291,166000,cadera,NOUN,7874775737688442637,166000
554,new,ADJ,4753564829687343602,166000,nueva,ADJ,14739082919163515432,166000
555,0,0,0,0,",",PUNCT,2593208677638477497,166000
556,so,ADV,9781598966686434415,172000,para,ADP,17491956544424926374,172000
557,he,PRON,1655312771067108281,172000,poder,AUX,17496565441882855384,172000
558,be,AUX,10382539506755952630,172000,seguir,AUX,13956643104937558777,172000
559,could,VERB,7494117911267222209,172000,jugando,VERB,15036873321901055284,172000
560,back,ADV,15255859468896132977,172000,al,ADP,8222700718889469974,172000
561,golfing,NOUN,2794988919354729359,172000,golf,NOUN,18149141486079540445,172000
562,",",PUNCT,2593208677638477497,172000,o,CONJ,1489474827855109852,172000
563,or,CCONJ,3740602843040177340,172000,arreglando,VERB,16923400584087052657,172000
564,0,0,0,0,su,DET,14248009254309298022,172000
565,gardening,NOUN,7343369402126724569,172000,jardín,NOUN,15063365950847431626,172000
566,.,PUNCT,12646065887601541794,172000,.,PUNCT,12646065887601541794,172000
567,No,INTJ,9692231336188541085,174000,No,ADV,9692231336188541085,174000
568,",",PUNCT,2593208677638477497,174000,",",PUNCT,2593208677638477497,174000
569,no,INTJ,13055779130471031426,174000,no.,PROPN,10616692385845467029,174000
570,.,PUNCT,12646065887601541794,174000,Al,ADP,11631551226137452986,174000
571,0,0,0,0,primer,ADJ,5600787506133044346,174000
572,Front,NOUN,935670778554925502,174000,lugar,NOUN,10339038341064447979,174000
573,of,ADP,886050111519832510,174000,de,ADP,11144093025662894627,174000
574,the,DET,7425985699627899538,174000,la,DET,6804705863737483857,174000
575,line,NOUN,9545763306533606446,174000,fila,NOUN,14663627022191382237,174000
576,.,PUNCT,12646065887601541794,174000,.,PUNCT,12646065887601541794,174000
577,So,ADV,3893465145528745987,176000,altura,NOUN,12631784746309140219,176000
578,by,ADP,16764210730586636600,176000,A,ADP,14862748245026736845,176000
579,now,ADV,17157488710739566268,176000,ya,ADV,7831648150548777939,176000
580,I,PRON,4690420944186131903,176000,yo,PRON,8387856443177761115,176000
581,was,AUX,9921686513378912864,176000,estaba,AUX,14917719296641627475,176000
582,walking,VERB,7052187565535091122,176000,en,ADP,14626626061804382878,176000
583,the,DET,7425985699627899538,176000,esta,DET,5821559423218928566,176000
584,lobby,NOUN,1431318213587614631,176000,recepción,NOUN,4533653304324723038,176000
585,",",PUNCT,2593208677638477497,176000,obviamente,ADV,14043561968027790577,176000
586,and,CCONJ,2283656566040971221,176000,y,CONJ,9409450202036847209,176000
587,of,ADP,886050111519832510,176000,con,ADP,6945313634251781056,176000
588,course,NOUN,2739140241061867786,176000,dolor,NOUN,17249198749858603160,176000
589,",",PUNCT,2593208677638477497,176000,",",PUNCT,2593208677638477497,176000
590,that,DET,4380130941430378203,176000,la,DET,6804705863737483857,176000
591,hurt,VERB,5918664492005718706,176000,0,0,0,0
592,",",PUNCT,2593208677638477497,176000,0,0,0,0
593,because,SCONJ,16950148841647037698,179000,me,PRON,18197037023634208128,179000
594,of,ADP,886050111519832510,179000,dolía,VERB,7214020232492270137,179000
595,my,DET,227504873216781231,179000,mi,DET,8676063341920465065,179000
596,hip,NOUN,970602880036206291,179000,cadera,NOUN,7874775737688442637,179000
597,",",PUNCT,2593208677638477497,179000,",",PUNCT,2593208677638477497,179000
598,and,CCONJ,2283656566040971221,179000,y,CONJ,9409450202036847209,179000
599,I,PRON,4690420944186131903,179000,que,PRON,11474801393294414462,179000
600,kind,ADV,11997309252971546427,179000,como,SCONJ,3817173063683202752,179000
601,of,ADV,886050111519832510,179000,0,0,0,0
602,needed,VERB,9839220791660699563,179000,necesitaba,VERB,8497218625374043061,179000
603,a,DET,11901859001352538922,179000,una,DET,1019041181156623609,179000
604,sign,NOUN,13677717534749417047,179000,señal,NOUN,4159367978500434354,179000
605,.,PUNCT,12646065887601541794,179000,.,PUNCT,12646065887601541794,179000
606,And,CCONJ,12172435438170721471,182000,Y,CONJ,16961793518281001049,182000
607,I,PRON,4690420944186131903,182000,entonces,ADV,2260322170557434109,182000
608,saw,VERB,15201910715624124754,182000,vi,VERB,5580197388958817490,182000
609,a,DET,11901859001352538922,182000,la,DET,6804705863737483857,182000
610,sign,NOUN,13677717534749417047,182000,señal,NOUN,4159367978500434354,182000
611,.,PUNCT,12646065887601541794,182000,.,PUNCT,12646065887601541794,182000
612,In,ADP,17831099778462416609,185000,En,ADP,11159992760278512227,185000
613,the,DET,7425985699627899538,185000,la,DET,6804705863737483857,185000
614,window,NOUN,14084807988584501693,185000,vidriera,NOUN,11530957249912274074,185000
615,of,ADP,886050111519832510,185000,de,ADP,11144093025662894627,185000
616,the,DET,7425985699627899538,185000,una,DET,1019041181156623609,185000
617,hospital,NOUN,7725938145567737416,185000,tienda,NOUN,13061888549623137575,185000
618,'s,PART,16428057658620181782,185000,de,ADP,11144093025662894627,185000
619,tiny,ADJ,1575413829185678545,185000,pequeña,ADJ,6127018088006926260,185000
620,gift,NOUN,1166822083561957756,185000,regalos,NOUN,4993757895686713571,185000
621,shop,NOUN,15809682053778148938,185000,hospital,NOUN,7725938145567737416,185000
622,there,PRON,2112642640949226496,185000,del,ADP,14178434899903659559,185000
623,was,AUX,9921686513378912864,185000,estaba,AUX,14917719296641627475,185000
624,a,DET,11901859001352538922,185000,la,DET,6804705863737483857,185000
625,sign,NOUN,13677717534749417047,185000,señal,NOUN,4159367978500434354,185000
626,that,DET,4380130941430378203,189000,y,CONJ,9409450202036847209,189000
627,said,VERB,17573686707662795042,189000,decía,VERB,6478811460363771580,189000
628,",",PUNCT,2593208677638477497,189000,:,PUNCT,11532473245541075862,189000
629,"""",PUNCT,15884554869126768810,189000,"""",PUNCT,15884554869126768810,189000
630,0,0,0,0,Se,PRON,14729232253331376861,189000
631,Needed,VERB,11019171314586173428,189000,necesitan,VERB,16662154205117321437,189000
632,Volunteers,NOUN,13716328214774777033,189000,voluntarios,NOUN,15858599584837483516,189000
633,"""",PUNCT,15884554869126768810,189000,"""",PUNCT,15884554869126768810,189000
634,.,PUNCT,12646065887601541794,189000,.,PUNCT,12646065887601541794,189000
635,Hmm,INTJ,13463656139135615001,189000,Mmmm,PROPN,11007013686275660459,189000
636,.,PUNCT,12646065887601541794,189000,.,PUNCT,12646065887601541794,189000
637,Well,INTJ,14379783840816760627,193000,Pues,SCONJ,15940722353429701648,193000
638,",",PUNCT,2593208677638477497,193000,.,PUNCT,12646065887601541794,193000
639,they,PRON,16875582379069451158,193000,me,PRON,18197037023634208128,193000
640,signed,VERB,13860919535551732058,193000,contrataron,VERB,9760602130433630649,193000
641,me,PRON,18197037023634208128,193000,0,0,0,0
642,up,ADP,2199259611705938403,193000,0,0,0,0
643,immediately,ADV,5743022427113362738,193000,inmediatamente,ADV,16474519236992396011,193000
644,.,PUNCT,12646065887601541794,193000,0,0,0,0
645,No,DET,9692231336188541085,196000,No,ADV,9692231336188541085,196000
646,reference,NOUN,1711148345104991084,196000,pidieron,VERB,7723094162482073942,196000
647,checks,NOUN,11451781261425439598,196000,referencias,NOUN,14009559575907360135,196000
648,.,PUNCT,12646065887601541794,196000,",",PUNCT,2593208677638477497,196000
649,None,NOUN,15926413147644524646,196000,ni,CONJ,13213308835019175813,196000
650,of,ADP,886050111519832510,196000,verificaron,VERB,17512144472191237211,196000
651,the,DET,7425985699627899538,196000,ninguna,DET,8109229106878281695,196000
652,usual,ADJ,8736397080351936157,196000,como,SCONJ,3817173063683202752,196000
653,background,NOUN,6021502552742283208,196000,información,NOUN,1261446803759541272,196000
654,stuff,NOUN,4927587046501839030,196000,se,PRON,9839690450034771972,196000
655,",",PUNCT,2593208677638477497,196000,hace,VERB,12135968124517883173,196000
656,no,INTJ,13055779130471031426,196000,normalmente,ADV,12674867906651977565,196000
657,.,PUNCT,12646065887601541794,196000,.,PUNCT,12646065887601541794,196000
658,were,AUX,9570894245975188254,199000,Estaban,AUX,6582246088673449849,199000
659,desperate,ADJ,3348813320868875092,199000,desesperados,ADJ,12417632799861664167,199000
660,for,ADP,16037325823156266367,199000,por,ADP,18244196334509357400,199000
661,They,PRON,14947529218328092544,199000,encontrar,VERB,4072379368156618832,199000
662,volunteers,NOUN,17849128742266431869,199000,voluntarios,NOUN,15858599584837483516,199000
663,0,0,0,0,:,PUNCT,11532473245541075862,199000
664,the,DET,7425985699627899538,201000,la,DET,6804705863737483857,201000
665,because,SCONJ,16950148841647037698,201000,edad,NOUN,5172566164835187494,201000
666,age,NOUN,10400321950887182855,201000,promedio,NOUN,8301068495240329086,201000
667,of,ADP,886050111519832510,201000,de,ADP,11144093025662894627,201000
668,the,DET,7425985699627899538,201000,los,DET,7307884290799599686,201000
669,volunteer,NOUN,4914248020557152598,201000,voluntarios,NOUN,15858599584837483516,201000
670,average,ADJ,16683438057072206,201000,que,PRON,11474801393294414462,201000
671,0,0,0,0,trabajaban,VERB,1094499343550344505,201000
672,at,ADP,11667289587015813222,201000,en,ADP,14626626061804382878,201000
673,the,DET,7425985699627899538,201000,la,DET,6804705863737483857,201000
674,hospital,NOUN,7725938145567737416,201000,tienda,NOUN,13061888549623137575,201000
675,0,0,0,0,de,ADP,11144093025662894627,201000
676,shop,NOUN,15809682053778148938,201000,regalos,NOUN,4993757895686713571,201000
677,0,0,0,0,del,ADP,14178434899903659559,201000
678,gift,NOUN,1166822083561957756,201000,hospital,NOUN,7725938145567737416,201000
679,.,PUNCT,12646065887601541794,201000,",",PUNCT,2593208677638477497,201000
680,was,AUX,9921686513378912864,201000,era,AUX,7478797442728669872,201000
681,0,0,0,0,de,ADP,11144093025662894627,201000
682,75,NUM,6571748649314214940,201000,75,NUM,6571748649314214940,201000
683,0,0,0,0,años,NOUN,8746864843512539013,201000
684,0,0,0,0,.,PUNCT,12646065887601541794,201000
685,Yeah,INTJ,5843944760501254262,205000,Definitivamente,ADV,5721300694224152850,205000
686,.,PUNCT,12646065887601541794,205000,.,PUNCT,12646065887601541794,205000
687,They,PRON,14947529218328092544,205000,0,0,0,0
688,needed,VERB,9839220791660699563,205000,necesitaban,VERB,3103801220333174965,205000
689,some,DET,7000492816108906599,205000,0,0,0,0
690,young,ADJ,5946595046901399946,205000,joven,ADJ,17461213738928634521,205000
691,blood,NOUN,2077320337565082816,205000,sangre,NOUN,6837531816263214071,205000
692,.,PUNCT,12646065887601541794,205000,0,0,0,0
693,0,0,0,0,Y,CONJ,16961793518281001049,208000
694,So,ADV,3893465145528745987,208000,así,ADV,13388538489347049961,208000
695,",",PUNCT,2593208677638477497,208000,",",PUNCT,2593208677638477497,208000
696,next,ADJ,5589923990388768802,208000,de,ADP,11144093025662894627,208000
697,you,PRON,7624161793554793053,208000,un,DET,12188161997964598936,208000
698,thing,NOUN,2473243759842082748,208000,momento,NOUN,7830912342853916375,208000
699,0,0,0,0,a,ADP,11901859001352538922,208000
700,I,PRON,4690420944186131903,208000,otro,PRON,2936243016579165257,208000
701,",",PUNCT,2593208677638477497,208000,",",PUNCT,2593208677638477497,208000
702,had,AUX,12960022596163002503,208000,ya,ADV,7831648150548777939,208000
703,know,VERB,7743033266031195906,208000,tenía,VERB,9004033731572856802,208000
704,blue,ADJ,15764874044283507388,208000,puesto,ADJ,1244696467733092869,208000
705,my,DET,227504873216781231,208000,mi,DET,8676063341920465065,208000
706,bright,ADJ,2004771923476545942,208000,uniforme,ADJ,10977324295979159005,208000
707,vest,NOUN,10562238091076839936,208000,azul,NOUN,2266201494258858580,208000
708,0,0,0,0,de,ADP,11144093025662894627,208000
709,volunteer,NOUN,4914248020557152598,208000,voluntario,NOUN,8751629597407270835,208000
710,",",PUNCT,2593208677638477497,208000,.,PUNCT,12646065887601541794,208000
711,I,PRON,4690420944186131903,211000,Tenía,VERB,16740493471016511149,211000
712,had,AUX,12960022596163002503,211000,había,AUX,11746775058755771264,211000
713,my,DET,227504873216781231,211000,mi,DET,8676063341920465065,211000
714,photo,NOUN,12453600060201764970,211000,foto,NOUN,9187341674047688461,211000
715,ID,NOUN,64,211000,jefe,NOUN,16773472187347385104,211000
716,",",PUNCT,2593208677638477497,211000,y,CONJ,9409450202036847209,211000
717,and,CCONJ,2283656566040971221,211000,identificatoria,ADJ,3400600445759680695,211000
718,I,PRON,4690420944186131903,211000,0,0,0,0
719,was,AUX,9921686513378912864,211000,sido,AUX,9828199342074426560,211000
720,fully,ADV,9946396181595941590,211000,por,ADP,18244196334509357400,211000
721,trained,VERB,3426268823810961714,211000,entrenada,VERB,18202215436767984758,211000
722,by,ADP,16764210730586636600,211000,de,ADP,11144093025662894627,211000
723,my,DET,227504873216781231,211000,mi,DET,8676063341920465065,211000
724,89-year,NUM,8231289587868447978,211000,89,NUM,4903240726224311880,211000
725,-,PUNCT,9153284864653046197,211000,.,PUNCT,12646065887601541794,211000
726,old,ADJ,2483095116303079762,211000,0,0,0,0
727,boss,NOUN,12250246145872007735,211000,años,NOUN,8746864843512539013,211000
728,.,PUNCT,12646065887601541794,211000,0,0,0,0
729,I,PRON,4690420944186131903,215000,0,0,0,0
730,worked,VERB,2763375565884380114,215000,Trabajaba,VERB,3829677535049323526,215000
731,alone,ADV,49985297707304326,215000,sola,ADJ,4033375350928939865,215000
732,.,PUNCT,12646065887601541794,215000,.,PUNCT,12646065887601541794,215000
733,While,SCONJ,6712030830669933559,217000,MIentras,SCONJ,5434257039743657655,217000
734,0,0,0,0,les,PRON,5902437463952755554,217000
735,ringing,VERB,9860804001727698524,217000,vendía,VERB,6164396659064220501,217000
736,hospital,NOUN,7725938145567737416,217000,pastillitas,NOUN,9976447850300359540,217000
737,in,ADP,3002984154512732771,217000,de,ADP,11144093025662894627,217000
738,'s,PART,16428057658620181782,217000,menta,NOUN,17805514803615162829,217000
739,Tic,PROPN,895369010217030653,217000,al,ADP,8222700718889469974,217000
740,staff,NOUN,850430561872953815,217000,personal,NOUN,861244163374911113,217000
741,Tacs,PROPN,13637405023038850156,217000,del,ADP,14178434899903659559,217000
742,0,0,0,0,sanatorio,NOUN,2546636137625477666,217000
743,",",PUNCT,2593208677638477497,217000,",",PUNCT,2593208677638477497,217000
744,I,PRON,4690420944186131903,223000,:,PUNCT,11532473245541075862,223000
745,'d,VERB,11195369525898364697,223000,preguntaba,VERB,466964857665084183,223000
746,casually,ADV,6843245137542393273,223000,casualmente,ADV,9497196803528155296,223000
747,ask,VERB,203487227105936704,223000,dedica,VERB,4341795964877326961,223000
748,",",PUNCT,2593208677638477497,223000,¿,PUNCT,3095673970880011110,223000
749,"""",PUNCT,15884554869126768810,223000,"""",PUNCT,15884554869126768810,223000
750,What,PRON,5931147113347055926,223000,qué,PRON,2438889091638947136,223000
751,do,AUX,2158845516055552166,223000,A,ADP,14862748245026736845,223000
752,you,PRON,7624161793554793053,223000,se,PRON,9839690450034771972,223000
753,do,AUX,2158845516055552166,223000,usted,PRON,10504398233988789581,223000
754,?,PUNCT,8205403955989537350,223000,?,PUNCT,8205403955989537350,223000
755,"""",PUNCT,15884554869126768810,223000,"""",PUNCT,15884554869126768810,223000
756,'d,VERB,11195369525898364697,225000,Y,CONJ,16961793518281001049,225000
757,Then,ADV,3636093925232013737,225000,luego,ADV,4526122816444084130,225000
758,I,PRON,4690420944186131903,225000,les,PRON,5902437463952755554,225000
759,tell,VERB,63172552626595070,225000,contaba,VERB,5945904835040612353,225000
760,"""",PUNCT,15884554869126768810,225000,:,PUNCT,11532473245541075862,225000
761,",",PUNCT,2593208677638477497,225000,"""",PUNCT,15884554869126768810,225000
762,them,PRON,7976265300568155021,225000,A,ADP,14862748245026736845,225000
763,Well,INTJ,14379783840816760627,225000,mi,DET,8676063341920465065,225000
764,I,PRON,4690420944186131903,225000,me,PRON,18197037023634208128,225000
765,'m,AUX,8504683628951808721,225000,van,AUX,16631821489536541084,225000
766,",",PUNCT,2593208677638477497,225000,a,ADP,11901859001352538922,225000
767,getting,VERB,1385318218384692368,225000,operar,VERB,535732661271018552,225000
768,0,0,0,0,de,ADP,11144093025662894627,225000
769,my,DET,227504873216781231,225000,la,DET,6804705863737483857,225000
770,hip,NOUN,970602880036206291,225000,cadera,NOUN,7874775737688442637,225000
771,--,PUNCT,10501404726543969396,225000,...,PUNCT,10875615029400813363,225000
772,replaced,VERB,10754934536441777878,225000,dentro,ADV,17028089856492542251,225000
773,in,ADP,3002984154512732771,225000,de,ADP,11144093025662894627,225000
774,18,NUM,3049302120552557844,225000,18,NUM,3049302120552557844,225000
775,months,NOUN,11199438407386692767,225000,meses,NOUN,9306682263510131333,225000
776,.,PUNCT,12646065887601541794,225000,.,PUNCT,12646065887601541794,225000
777,It,PRON,7859011591137717335,231000,que,PRON,11474801393294414462,231000
778,'s,AUX,16428057658620181782,231000,Será,AUX,11815814008376851336,231000
779,gon,VERB,4956802221589171210,231000,0,0,0,0
780,na,PART,15286517567172306717,231000,0,0,0,0
781,be,AUX,10382539506755952630,231000,me,PRON,18197037023634208128,231000
782,so,ADV,9781598966686434415,231000,no,ADV,13055779130471031426,231000
783,great,ADJ,8881679497796027013,231000,fantástico,ADJ,16052752710919563720,231000
784,when,ADV,15807309897752499399,231000,más,ADV,13805553149795463782,231000
785,the,DET,7425985699627899538,231000,el,DET,11488171005156075516,231000
786,pain,NOUN,8558038558878807367,231000,día,NOUN,10320613927756879670,231000
787,stops,VERB,7676227764678445212,231000,duela,VERB,18367688437097414955,231000
788,.,PUNCT,12646065887601541794,231000,.,PUNCT,12646065887601541794,231000
789,Ow,INTJ,14877542108670372169,231000,Ayyy,INTJ,9556355934404039406,231000
790,!,PUNCT,17494803046312582752,231000,!,PUNCT,17494803046312582752,231000
791,"""",PUNCT,15884554869126768810,231000,¡,PUNCT,2520741703198981157,231000
792,All,DET,3199372179527662625,236000,Todo,DET,1127858486081597420,236000
793,the,DET,7425985699627899538,236000,el,DET,11488171005156075516,236000
794,staff,NOUN,850430561872953815,236000,personal,NOUN,861244163374911113,236000
795,got,VERB,12579384389446384672,236000,conoció,VERB,3663506196677705486,236000
796,to,PART,3791531372978436496,236000,a,ADP,11901859001352538922,236000
797,know,VERB,7743033266031195906,236000,0,0,0,0
798,the,DET,7425985699627899538,236000,la,DET,6804705863737483857,236000
799,plucky,ADJ,12112951617040145247,236000,y,CONJ,9409450202036847209,236000
800,",",PUNCT,2593208677638477497,236000,valiente,PROPN,9744956409283685919,236000
801,young,ADJ,5946595046901399946,236000,voluntaria,ADJ,5884490893481899897,236000
802,volunteer,NOUN,4914248020557152598,236000,joven,NOUN,17461213738928634521,236000
803,.,PUNCT,12646065887601541794,236000,.,PUNCT,12646065887601541794,236000
804,My,DET,16248400320781648534,243000,mi,DET,8676063341920465065,243000
805,next,ADJ,5589923990388768802,243000,próxima,ADJ,15398547737721004328,243000
806,surgeon,NOUN,7078677415469335258,243000,consulta,NOUN,16111565346372639359,243000
807,'s,PART,16428057658620181782,243000,con,ADP,6945313634251781056,243000
808,appointment,NOUN,9597009982310035010,243000,cirujano,NOUN,7340408121372640259,243000
809,was,AUX,9921686513378912864,243000,el,DET,11488171005156075516,243000
810,",",PUNCT,2593208677638477497,243000,0,0,0,0
811,coincidentally,ADV,13727161400576232227,243000,Casualmente,ADV,14332642872014774165,243000
812,",",PUNCT,2593208677638477497,243000,0,0,0,0
813,0,0,0,0,tenía,VERB,9004033731572856802,246000
814,shift,NOUN,8057115410453277513,246000,lugar,NOUN,10339038341064447979,246000
815,right,ADV,5943797630011647483,246000,justo,ADV,4783493462113517186,246000
816,after,ADP,13428508259213873547,246000,a,ADP,11901859001352538922,246000
817,a,DET,11901859001352538922,246000,la,DET,6804705863737483857,246000
818,gift,NOUN,1166822083561957756,246000,salida,NOUN,11425753396030696295,246000
819,at,ADP,11667289587015813222,246000,de,ADP,11144093025662894627,246000
820,0,0,0,0,uno,PRON,8171375619591740969,246000
821,0,0,0,0,de,ADP,11144093025662894627,246000
822,the,DET,7425985699627899538,246000,mis,DET,5804976024871865433,246000
823,shop,NOUN,15809682053778148938,246000,turnos,NOUN,8169166881936211797,246000
824,0,0,0,0,en,ADP,14626626061804382878,246000
825,0,0,0,0,la,DET,6804705863737483857,246000
826,0,0,0,0,tienda,NOUN,13061888549623137575,246000
827,.,PUNCT,12646065887601541794,246000,.,PUNCT,12646065887601541794,246000
828,So,ADV,3893465145528745987,248000,Por,ADP,623830814368950614,248000
829,",",PUNCT,2593208677638477497,248000,lo,DET,12507729120330568444,248000
830,naturally,ADV,11756612840599052966,248000,tanto,NOUN,12089613650839196169,248000
831,",",PUNCT,2593208677638477497,248000,llevaba,VERB,18349750165844399208,248000
832,I,PRON,4690420944186131903,248000,yo,PRON,8387856443177761115,248000
833,had,AUX,12960022596163002503,248000,puesto,ADJ,1244696467733092869,248000
834,my,DET,227504873216781231,248000,mi,DET,8676063341920465065,248000
835,vest,NOUN,10562238091076839936,248000,uniforme,ADJ,10977324295979159005,248000
836,and,CCONJ,2283656566040971221,248000,y,CONJ,9409450202036847209,248000
837,my,DET,227504873216781231,248000,mi,DET,8676063341920465065,248000
838,identification,NOUN,5926939059364091823,248000,identificación,NOUN,16163160815983996540,248000
839,.,PUNCT,12646065887601541794,248000,.,PUNCT,12646065887601541794,248000
840,I,PRON,4690420944186131903,252000,ambas,NUM,15048420896707103075,252000
841,draped,VERB,11776289049342878722,252000,Coloqué,VERB,10169828548036845273,252000
842,them,PRON,7976265300568155021,252000,cosas,NOUN,399513973913231652,252000
843,casually,ADV,6843245137542393273,252000,despreocupadamente,ADV,4864284526807191932,252000
844,over,ADP,5456543204961066030,252000,sobre,ADP,11374976834714679510,252000
845,the,DET,7425985699627899538,252000,la,DET,6804705863737483857,252000
846,chair,NOUN,13310216124885990241,252000,silla,NOUN,9784718160396255400,252000
847,in,ADP,3002984154512732771,252000,del,ADP,14178434899903659559,252000
848,the,DET,7425985699627899538,252000,del,ADP,14178434899903659559,252000
849,doctor,NOUN,18058202148154971361,252000,consultorio,NOUN,8207264393280678825,252000
850,'s,PART,16428057658620181782,252000,0,0,0,0
851,office,NOUN,10874922665013127783,252000,doctor,NOUN,18058202148154971361,252000
852,.,PUNCT,12646065887601541794,252000,.,PUNCT,12646065887601541794,252000
853,And,CCONJ,12172435438170721471,254000,Y,CONJ,16961793518281001049,254000
854,you,PRON,7624161793554793053,254000,cuando,SCONJ,10847943810515898149,254000
855,know,VERB,7743033266031195906,254000,entró,VERB,2121814469765313589,254000
856,",",PUNCT,2593208677638477497,254000,0,0,0,0
857,when,ADV,15807309897752499399,254000,0,0,0,0
858,he,PRON,1655312771067108281,254000,0,0,0,0
859,walked,VERB,13599267190527002141,254000,0,0,0,0
860,in,ADP,3002984154512732771,254000,0,0,0,0
861,",",PUNCT,2593208677638477497,254000,0,0,0,0
862,I,PRON,4690420944186131903,256000,me,PRON,18197037023634208128,256000
863,could,VERB,7494117911267222209,256000,di,VERB,926329778511176045,256000
864,just,ADV,7148522813498185515,256000,cuenta,NOUN,3545150841059450590,256000
865,tell,VERB,63172552626595070,256000,de,ADP,11144093025662894627,256000
866,that,SCONJ,4380130941430378203,256000,que,SCONJ,11474801393294414462,256000
867,he,PRON,1655312771067108281,256000,los,PRON,7307884290799599686,256000
868,saw,VERB,15201910715624124754,256000,vio,VERB,14415387378069075783,256000
869,them,PRON,7976265300568155021,256000,claramente,ADV,9459708524216797647,256000
870,.,PUNCT,12646065887601541794,256000,.,PUNCT,12646065887601541794,256000
871,Moments,NOUN,2980226548055619335,258000,MInutos,NOUN,7549600760638846602,258000
872,later,ADV,7943840425043720459,258000,más,ADV,13805553149795463782,258000
873,I,PRON,4690420944186131903,258000,tarde,ADV,2987168054197546619,258000
874,",",PUNCT,2593208677638477497,258000,",",PUNCT,2593208677638477497,258000
875,just,ADV,7148522813498185515,258000,ya,ADV,7831648150548777939,258000
876,had,AUX,12960022596163002503,258000,tenía,VERB,9004033731572856802,258000
877,surgery,NOUN,2225283248756634950,258000,fecha,NOUN,10550487791238675334,258000
878,date,NOUN,15387552459474943870,258000,para,ADP,17491956544424926374,258000
879,0,0,0,0,operarme,VERB,16588774621452320453,258000
880,a,DET,11901859001352538922,258000,algunas,DET,4272547645188157321,258000
881,weeks,NOUN,18111218406637101775,258000,semanas,NOUN,2992829669063639893,258000
882,away,ADV,15726112966383307120,258000,después,ADV,5778971408161131544,258000
883,",",PUNCT,2593208677638477497,258000,",",PUNCT,2593208677638477497,258000
884,and,CCONJ,2283656566040971221,262000,y,CONJ,9409450202036847209,262000
885,a,DET,11901859001352538922,262000,una,DET,1019041181156623609,262000
886,big,ADJ,15511632813958231649,262000,buena,ADJ,1958378328602061174,262000
887,fat,NOUN,14802772900436223878,262000,receta,NOUN,8612789222792520335,262000
888,prescription,NOUN,9002369395942733371,262000,0,0,0,0
889,for,ADP,16037325823156266367,262000,de,ADP,11144093025662894627,262000
890,Percocet,PROPN,8080412112844033188,262000,Percocet,PROPN,8080412112844033188,262000
891,.,PUNCT,12646065887601541794,262000,.,PUNCT,12646065887601541794,262000
892,Now,ADV,13923566239961886281,267000,Digamos,VERB,14396701956346681213,267000
893,",",PUNCT,2593208677638477497,267000,0,0,0,0
894,word,NOUN,11916616154811659322,267000,que,PRON,11474801393294414462,267000
895,on,ADP,5640369432778651323,267000,por,ADP,18244196334509357400,267000
896,the,DET,7425985699627899538,267000,lo,DET,12507729120330568444,267000
897,street,NOUN,5533951393554975546,267000,dijo,VERB,8367545516374751326,267000
898,was,AUX,9921686513378912864,267000,0,0,0,0
899,that,SCONJ,4380130941430378203,267000,que,SCONJ,11474801393294414462,267000
900,it,PRON,10239237003504588839,267000,se,PRON,9839690450034771972,267000
901,was,AUX,9921686513378912864,267000,0,0,0,0
902,actually,ADV,11882120564994168090,267000,allí,ADV,17964402279426095661,267000
903,my,DET,227504873216781231,269000,fue,AUX,6922200418372124953,269000
904,0,0,0,0,que,SCONJ,11474801393294414462,269000
905,that,DET,4380130941430378203,269000,mi,DET,8676063341920465065,269000
906,volunteering,NOUN,5653713552993952872,269000,trabajo,NOUN,1376217758131583815,269000
907,0,0,0,0,como,SCONJ,3817173063683202752,269000
908,to,ADP,3791531372978436496,269000,voluntaria,ADJ,5884490893481899897,269000
909,front,NOUN,18406620953616287770,269000,fue,AUX,6922200418372124953,269000
910,the,DET,7425985699627899538,269000,lo,DET,12507729120330568444,269000
911,me,PRON,18197037023634208128,269000,que,PRON,11474801393294414462,269000
912,0,0,0,0,me,PRON,18197037023634208128,269000
913,got,VERB,12579384389446384672,269000,llevó,VERB,12985810945171047677,269000
914,of,ADP,886050111519832510,269000,a,ADP,11901859001352538922,269000
915,line,NOUN,9545763306533606446,269000,adelantarme,NOUN,2143247247587881510,269000
916,0,0,0,0,en,ADP,14626626061804382878,269000
917,the,DET,7425985699627899538,269000,la,DET,6804705863737483857,269000
918,0,0,0,0,fila,NOUN,14663627022191382237,269000
919,.,PUNCT,12646065887601541794,269000,.,PUNCT,12646065887601541794,269000
920,And,CCONJ,12172435438170721471,271000,Y,CONJ,16961793518281001049,271000
921,",",PUNCT,2593208677638477497,271000,¿,PUNCT,3095673970880011110,271000
922,you,PRON,7624161793554793053,271000,qué,PRON,2438889091638947136,271000
923,know,VERB,7743033266031195906,271000,saben,VERB,13243200264315159238,271000
924,",",PUNCT,2593208677638477497,271000,?,PUNCT,8205403955989537350,271000
925,I,PRON,4690420944186131903,271000,eso,PRON,12716495710533357957,271000
926,'m,AUX,8504683628951808721,271000,siquiera,NOUN,6342637334616700271,271000
927,not,PART,447765159362469301,271000,ni,CONJ,13213308835019175813,271000
928,even,ADV,17339226045912991082,271000,avergüenzo,NOUN,4893685415195667030,271000
929,ashamed,ADJ,13921149494619102514,271000,0,0,0,0
930,of,ADP,886050111519832510,271000,de,ADP,11144093025662894627,271000
931,that,DET,4380130941430378203,271000,mi,DET,8676063341920465065,271000
932,.,PUNCT,12646065887601541794,271000,.,PUNCT,12646065887601541794,271000
933,0,0,0,0,Por,ADP,623830814368950614,274000
934,Two,NUM,17467516807418886501,274000,dos,NUM,14014603652905717938,274000
935,reasons,NOUN,15484397239115399678,274000,razones,NOUN,15284672303270770186,274000
936,.,PUNCT,12646065887601541794,274000,.,PUNCT,12646065887601541794,274000
937,First,ADV,16629723108568963832,275000,no,ADV,13055779130471031426,275000
938,of,ADP,886050111519832510,275000,primera,ADJ,7070894873218415832,275000
939,all,DET,13409319323822384369,275000,La,DET,6239908149323985340,275000
940,",",PUNCT,2593208677638477497,275000,:,PUNCT,11532473245541075862,275000
941,I,PRON,4690420944186131903,275000,se,PRON,9839690450034771972,275000
942,am,AUX,959164148857638496,275000,voy,AUX,17358577988603276780,275000
943,going,VERB,14242014708739787450,275000,imaginan,VERB,13767107156841808348,275000
944,to,PART,3791531372978436496,275000,cómo,PRON,8106224997027377807,275000
945,take,VERB,6789454535283781228,275000,cuidar,VERB,7974495888299118023,275000
946,such,ADJ,13040105543478938413,275000,a,ADP,11901859001352538922,275000
947,good,ADJ,5711639017775284443,275000,0,0,0,0
948,care,NOUN,14027581762467160941,275000,cadera,NOUN,7874775737688442637,275000
949,of,ADP,886050111519832510,275000,a,ADP,11901859001352538922,275000
950,this,DET,1995909169258310477,275000,mi,DET,8676063341920465065,275000
951,new,ADJ,4753564829687343602,275000,nueva,ADJ,14739082919163515432,275000
952,hip,NOUN,970602880036206291,275000,0,0,0,0
953,.,PUNCT,12646065887601541794,275000,.,PUNCT,12646065887601541794,275000
954,which,DET,7063653163634019529,277000,lo,DET,12507729120330568444,277000
955,actually,ADV,11882120564994168090,277000,cual,PRON,7565172673427434311,277000
956,leads,VERB,2426532058804770278,277000,lleva,VERB,12655890425680816999,277000
957,me,PRON,18197037023634208128,277000,me,PRON,18197037023634208128,277000
958,to,ADP,3791531372978436496,277000,a,ADP,11901859001352538922,277000
959,the,DET,7425985699627899538,277000,la,DET,6804705863737483857,277000
960,biggest,ADJ,4933683410441057641,277000,principal,ADJ,9490493482211168200,277000
961,epiphany,NOUN,16491878827758971586,277000,revelación,NOUN,2304240401328140874,277000
962,of,ADP,886050111519832510,277000,0,0,0,0
963,them,PRON,7976265300568155021,277000,0,0,0,0
964,all,DET,13409319323822384369,277000,0,0,0,0
965,.,PUNCT,12646065887601541794,277000,:,PUNCT,11532473245541075862,277000
966,Even,ADV,13991018208885099298,284000,Incluso,ADV,8223513667141664763,284000
967,when,ADV,15807309897752499399,284000,cuando,SCONJ,10847943810515898149,284000
968,cheats,VERB,17828170978747321272,284000,burlamos,VERB,2199792037506267577,284000
969,a,DET,11901859001352538922,284000,el,DET,11488171005156075516,284000
970,Canadian,NOUN,1192792566395859065,284000,sistema,NOUN,18094805209063698905,284000
971,",",PUNCT,2593208677638477497,284000,",",PUNCT,2593208677638477497,284000
972,the,DET,7425985699627899538,284000,los,DET,7307884290799599686,284000
973,system,NOUN,16001232513058686804,284000,canadienses,NOUN,17755188275936236821,284000
974,they,PRON,16875582379069451158,287000,lo,PRON,12507729120330568444,287000
975,do,AUX,2158845516055552166,287000,hacen,VERB,13940557011682758216,287000
976,in,ADP,3002984154512732771,287000,de,ADP,11144093025662894627,287000
977,a,DET,11901859001352538922,287000,manera,NOUN,498987833452431579,287000
978,way,NOUN,6878210874361030284,287000,tal,NOUN,7511447687758208619,287000
979,it,PRON,10239237003504588839,287000,que,PRON,11474801393294414462,287000
980,that,DET,4380130941430378203,287000,la,DET,6804705863737483857,287000
981,society,NOUN,6115211683563355926,287000,sociedad,NOUN,137503196612391965,287000
982,0,0,0,0,se,PRON,9839690450034771972,287000
983,benefits,VERB,14486975567459880298,287000,ve,VERB,10105644630884274164,287000
984,0,0,0,0,beneficiada,ADJ,9187087983346219852,287000
985,.,PUNCT,12646065887601541794,287000,.,PUNCT,12646065887601541794,287000
